sample	MT	WT	t_statistic	df	p_value	mean_MT	mean_WT	padj
One_1	0.33390611396129	0.203437362876534	6.60557052685781	3.58232439442229	0.00397969152808608	0.33390611396129	0.203437362876534	0.011626891680203
One_10	0.263531699711414	0.155953674774871	4.69459414738131	3.73262123925017	0.0110366726370318	0.263531699711414	0.155953674774871	0.024536888273401
One_100	0.224047719345982	0.0680899719420076	21.2170353949049	2.10149335893462	0.00173733412847119	0.224047719345982	0.0680899719420076	0.00709174095064468
One_101	0.218438434002897	0.122760117790832	16.9886249100281	2.5925113120603	0.000993693380331845	0.218438434002897	0.122760117790832	0.00515355870315293
One_102	0.307922339433209	0.196797661579959	3.78290907743009	3.77711275280906	0.0215136842474099	0.307922339433209	0.196797661579959	0.0413660801359465
One_103	0.353073010034194	0.201286852921984	9.57173686575414	3.93147099070285	0.000723563131694986	0.353073010034194	0.201286852921984	0.00429911636997329
One_104	0.121329462136723	0.0748097831367028	6.12035626620467	2.52743291889491	0.0141571892324006	0.121329462136723	0.0748097831367028	0.0292542748453754
One_105	0.0157221785317874	0.0040857213201247	22.8316954470652	3.90775113993895	2.6359210315352e-05	0.0157221785317874	0.0040857213201247	0.00146388542082546
One_106	0.261127264876435	0.141578628869453	4.70888279753629	3.0821364239221	0.0170589510975813	0.261127264876435	0.141578628869453	0.0338460464007789
One_107	0.26202043022958	0.0890713500595848	21.0740316377514	2.04666825200948	0.00200716798932917	0.26202043022958	0.0890713500595848	0.00764786038532131
One_108	0.282955959725562	0.149126708924552	7.22753087729874	2.56504726695363	0.00904553352108518	0.282955959725562	0.149126708924552	0.021325232748479
One_109	0.296672318007438	0.113795864050539	25.6852674790781	2.02004620042212	0.00143576100760815	0.296672318007438	0.113795864050539	0.0063608640026351
One_11	0.379448940378989	0.411035995047739	-1.11729923017862	2.92471080185494	0.347167959187732	0.379448940378989	0.411035995047739	0.42583656077707
One_110	0.288585409035555	0.162356546148597	19.630921049928	2.8489065540514	0.000396066240550783	0.288585409035555	0.162356546148597	0.00332809859869147
One_111	0.360865514721645	0.212525017880304	11.4457963840169	3.78125001940571	0.000451306751027885	0.360865514721645	0.212525017880304	0.00336286472507364
One_112	0.041671070360025	0.0208302657912151	13.1905131417139	3.99911385603088	0.000191085626201001	0.041671070360025	0.0208302657912151	0.00239225984581716
One_113	0.257928715603313	0.169126922137659	11.7142175686809	2.49873161963365	0.0030163282512961	0.257928715603313	0.169126922137659	0.00956771636398379
One_114	0.316158970168045	0.245909746773534	2.865772989818	3.12410873842437	0.0612483025019854	0.316158970168045	0.245909746773534	0.0987108564595104
One_115	0.25741242953226	0.251685200399388	0.165770955736367	3.97996791950349	0.876416951303903	0.25741242953226	0.251685200399388	0.905661205655711
One_116	0.2224801357629	0.163731835201898	2.96387343621866	3.99891389487126	0.0414090731725387	0.2224801357629	0.163731835201898	0.0718526774910253
One_117	0.0517216700469414	0.0201910370799574	9.51380000101737	2.7266081470274	0.0036101414148264	0.0517216700469414	0.0201910370799574	0.0110978421270589
One_118	0.401226602927548	0.407090697114498	-0.230070842682009	3.99929095293357	0.829325551554395	0.401226602927548	0.407090697114498	0.864025365426964
One_119	0.3019734567402	0.171160763473297	5.97237992222251	3.98621108313477	0.00399236642031067	0.3019734567402	0.171160763473297	0.011626891680203
One_12	0.136312420305703	0.081886721401475	2.64883074038823	3.24495193714666	0.0709601505580475	0.136312420305703	0.081886721401475	0.111829604360467
One_120	0.323407571688969	0.393107846001682	-1.5945332624162	3.46468300279447	0.196857318827208	0.323407571688969	0.393107846001682	0.267855040371448
One_121	0.325258334504484	0.329049364509353	-0.0960574374086818	3.6975259003382	0.928452959583474	0.325258334504484	0.329049364509353	0.945541050864151
One_122	0.268489533190894	0.202187952651777	4.54983870170681	3.86212562952025	0.0113033695672208	0.268489533190894	0.202187952651777	0.0247977006364579
One_123	0.277576128964375	0.233417907897054	1.16392645746186	3.51834457573619	0.317263588886651	0.277576128964375	0.233417907897054	0.399993081684942
One_124	0.203234345319255	0.127265760317603	14.347363725759	2.4870173816089	0.00186867043982984	0.203234345319255	0.127265760317603	0.00744208672530406
One_125	0.20409126092241	0.136687455313418	13.4396429065301	2.10648545831988	0.0044673595672905	0.20409126092241	0.136687455313418	0.0124287433771546
One_126	0.196637957519019	0.0584114060768638	22.6756780099037	2.00412330269824	0.00191951281178687	0.196637957519019	0.0584114060768638	0.00752690850606191
One_127	0.271312673313349	0.145356698366173	6.92292972575264	3.91112831214122	0.00248123357374917	0.271312673313349	0.145356698366173	0.00882477289299459
One_128	0.127821139570408	0.0416185358725763	16.0966493206156	2.18098294703887	0.00262233996358254	0.127821139570408	0.0416185358725763	0.00882781745531369
One_129	0.233090434074806	0.32105071731663	-3.96683116501048	3.01719593585738	0.0283250024585114	0.233090434074806	0.32105071731663	0.0514812088479514
One_13	0.497710258714831	0.377040238417085	3.76280996269089	2.3035018000528	0.0510915601214176	0.497710258714831	0.377040238417085	0.0850956419413577
One_130	0.3010082509831	0.0769393304726109	30.5089941877446	2.02636743253326	0.000997275964800852	0.3010082509831	0.0769393304726109	0.00515355870315293
One_131	0.34434879856495	0.160887129474764	16.6220405280792	3.61734680751341	0.000151004275923981	0.34434879856495	0.160887129474764	0.00227879180030735
One_132	0.232572339785769	0.0983710251218522	5.80746159815152	2.53957750494469	0.0158572954041988	0.232572339785769	0.0983710251218522	0.0322323800460857
One_133	0.322486178786979	0.262386529802852	2.3629815642131	3.89223012551698	0.0792093657057118	0.322486178786979	0.262386529802852	0.12288555801073
One_134	0.300010899855941	0.139130700351198	20.3179685723791	3.73707443700045	5.79500908765474e-05	0.300010899855941	0.139130700351198	0.00167395493868689
One_135	0.329100236260232	0.157641784658908	22.1013565929037	2.01405987754704	0.00197202312207481	0.329100236260232	0.157641784658908	0.00761292647126554
One_136	0.354177297712601	0.192621394615331	9.07641606808912	2.67574037625293	0.00439124536380551	0.354177297712601	0.192621394615331	0.0123550293286731
One_137	0.068828274347259	0.0390266180292989	3.96556447417511	2.73167974829942	0.0339757468219045	0.068828274347259	0.0390266180292989	0.0599997231110228
One_138	0.25628500533982	0.140033320761234	4.18708274264217	3.83332596028885	0.015124350179929	0.25628500533982	0.140033320761234	0.0311236627669613
One_139	0.221598351718494	0.101413846442836	19.541990210709	2.83424367612895	0.000413758031957156	0.221598351718494	0.101413846442836	0.00333535012049503
One_14	0.108856655939204	0.0862001453587935	0.482887235636514	3.74629450078148	0.656027111728163	0.108856655939204	0.0862001453587935	0.719606831807544
One_140	0.343804816645527	0.236561083540949	1.74321370806058	2.56434177083438	0.194983920177291	0.343804816645527	0.236561083540949	0.266032855474769
One_141	0.00936507659606995	0.00392332531370845	10.5487806693262	2.68632728270832	0.00291462171685028	0.00936507659606995	0.00392332531370845	0.00947383229552192
One_142	0.254205603941917	0.131457834293567	6.01989479536947	2.83809203968978	0.0107459712192417	0.254205603941917	0.131457834293567	0.0239977294492483
One_143	0.161950824629378	0.0557383763105734	23.9657496711782	3.9941215761335	1.82022017854199e-05	0.161950824629378	0.0557383763105734	0.00146388542082546
One_144	0.248627728433348	0.161425301319844	3.29142200285136	3.17204502847833	0.0424466085415167	0.248627728433348	0.161425301319844	0.0731670917380901
One_145	0.457121276055608	0.477923565748409	-1.2029081344147	2.80214694118646	0.320730267320926	0.457121276055608	0.477923565748409	0.402326632558744
One_146	0.179574030823675	0.195898566024967	-0.430133138541591	3.62471284131196	0.691421855045471	0.179574030823675	0.195898566024967	0.753523181814015
One_147	0.471209384446858	0.479318977038554	-0.682714586252117	3.14045103974584	0.541760839455952	0.471209384446858	0.479318977038554	0.615974653080055
One_148	0.314164947919935	0.166705049807339	6.32146184254998	3.12944562943554	0.00704476765314454	0.314164947919935	0.166705049807339	0.0173677935211187
One_149	0.454537327079385	0.409557373828176	2.55023558496186	2.84636664513518	0.0884252277233103	0.454537327079385	0.409557373828176	0.133847305186044
One_15	0.313188363935326	0.147543125420902	19.1593082356213	2.58006233845014	0.000748662705188586	0.313188363935326	0.147543125420902	0.00433527938585949
One_150	0.345866197907684	0.190816054401225	6.92235129663343	3.27075666810886	0.00464736924726784	0.345866197907684	0.190816054401225	0.0127164279403263
One_151	0.318939566470072	0.261088669755653	1.50125118957555	2.17393580273191	0.262467188404779	0.318939566470072	0.261088669755653	0.343970157435737
One_152	0.342813104324228	0.189366187064645	8.75436413305348	3.14010532252304	0.00262352807908921	0.342813104324228	0.189366187064645	0.00882781745531369
One_153	0.137777918874412	0.134836995976135	0.0761958035563932	2.43033793311033	0.945085927279084	0.137777918874412	0.134836995976135	0.954670977251488
One_154	0.0331260006772428	0.00862988988254345	5.43446319766748	2.26323838551958	0.0244143560936045	0.0331260006772428	0.00862988988254345	0.0460543535402084
One_155	0.114030191999602	0.0991211918832105	0.402788994806761	3.96168836186168	0.707891060196048	0.114030191999602	0.0991211918832105	0.766369017342678
One_156	0.331851423980099	0.165568544933254	17.7938965148602	2.04969132751554	0.00281474837219298	0.331851423980099	0.165568544933254	0.0092220045352112
One_157	0.101151157488944	0.0637095513602275	4.14001803511983	3.76423347501136	0.0162851993629775	0.101151157488944	0.0637095513602275	0.0329675987104178
One_158	0.244440997003525	0.126168789002178	11.4998502963305	2.92511480561971	0.00158645686518907	0.244440997003525	0.126168789002178	0.00664119400907053
One_159	0.242597355124288	0.129961703556661	4.83991977200314	3.56220589944274	0.011194039496277	0.242597355124288	0.129961703556661	0.0247761407517598
One_16	0.122600174688549	0.0496759932966536	8.12373486032018	2.24469831811259	0.0104435933867824	0.122600174688549	0.0496759932966536	0.0236404977573528
One_160	0.125362576475322	0.0696675702003047	4.49916911287531	3.24778726162084	0.0172761299734897	0.125362576475322	0.0696675702003047	0.0341409235190392
One_161	0.116646605599912	0.143675931153208	-0.514025289258297	3.68491418600462	0.636509072385097	0.116646605599912	0.143675931153208	0.701286544353491
One_162	0.140939119629169	0.126636276565324	0.430208245894515	3.60673457699647	0.691486132708845	0.140939119629169	0.126636276565324	0.753523181814015
One_163	0.4562642000993	0.469876661870367	-1.10222280105084	3.98643474488037	0.332418792439289	0.4562642000993	0.469876661870367	0.413841311552059
One_164	0.0486523325859039	0.0274859319910109	7.82352465598366	2.01396782082492	0.0156332203111687	0.0486523325859039	0.0274859319910109	0.0319071463727952
One_165	0.338503087356201	0.108506665077378	3.00739055137912	2.07780206796777	0.0907614732601822	0.338503087356201	0.108506665077378	0.135733374425137
One_166	0.281790242898087	0.120443621929501	15.9755842934942	3.859271177981	0.000114206003133409	0.281790242898087	0.120443621929501	0.00200523601426593
One_167	0.0206492079718514	0.0104745197936723	5.05860851836592	3.53817787827802	0.00989246796296719	0.0206492079718514	0.0104745197936723	0.0226557620321605
One_168	0.201509046137145	0.239627134240885	-1.21455165205781	2.74632474036764	0.318569427649848	0.201509046137145	0.239627134240885	0.400625189317233
One_169	0.256064690026954	0.21358024691358	0.808203422172311	3.74056059196572	0.467226576578715	0.256064690026954	0.21358024691358	0.54237490707739
One_17	0.0897783247331665	0.0246695295610435	18.5458966522253	2.98848410502595	0.0003501882665099	0.0897783247331665	0.0246695295610435	0.00317079557676237
One_170	0.0669976454468039	0.0390205456954371	6.30129567500204	3.48272434803515	0.00510022193846596	0.0669976454468039	0.0390205456954371	0.0135824092265029
One_171	0.488614146168264	0.492884953708851	-0.837525677541738	2.65762169372069	0.470896096090006	0.488614146168264	0.492884953708851	0.54536338570424
One_172	0.484411989327255	0.456673868420492	5.06667021732511	2.41769999493545	0.0245144205450146	0.484411989327255	0.456673868420492	0.0460686091751595
One_173	0.0104786812458999	0.00308230307777303	5.3021256597499	2.12447931365205	0.029632850686049	0.0104786812458999	0.00308230307777303	0.0536623986969178
One_174	0.0628273097237322	0.02859233696446	15.6032342803414	3.91174327665868	0.000114308702168471	0.0628273097237322	0.02859233696446	0.00200523601426593
One_175	0.322328195205661	0.4112031895057	-1.31048910667555	3.19180895994295	0.276356494925968	0.322328195205661	0.4112031895057	0.357468920709433
One_176	0.162519276330222	0.0720567351789367	18.050761350237	2.07420453197549	0.00258852413175773	0.162519276330222	0.0720567351789367	0.00882781745531369
One_177	0.236294963587025	0.362134257031203	-3.07915182585058	2.52766838034095	0.0677790882360609	0.236294963587025	0.362134257031203	0.107496770514517
One_178	0.222274131736776	0.151763170691706	6.77830249180107	3.88456147318893	0.00274666757696415	0.222274131736776	0.151763170691706	0.00905854604853077
One_179	0.0165716676611035	0.00914823726335532	8.7521233591974	2.47946673323397	0.00633309523368167	0.0165716676611035	0.00914823726335532	0.0160912317672116
One_18	0.353437719419377	0.173899667561794	9.72209587400892	3.61660154704989	0.0010141541223072	0.353437719419377	0.173899667561794	0.00515355870315293
One_180	0.49474109990558	0.494697576747025	0.0373315381371945	2.80743719094057	0.972714678806859	0.49474109990558	0.494697576747025	0.978609919284476
One_181	0.0918300731944129	0.0529029391856405	3.74588519274311	3.29676551298341	0.0282052732480319	0.0918300731944129	0.0529029391856405	0.0514513775733329
One_182	0.0164471126561858	0.00662818367723036	7.54907044907021	3.57533919841623	0.00255174155942012	0.0164471126561858	0.00662818367723036	0.00882477289299459
One_183	0.0539177473479477	0.0347196379920838	9.40587583598748	3.99832019419931	0.000713493720027648	0.0539177473479477	0.0347196379920838	0.00429911636997329
One_184	0.00757402857115366	0.00208515982763561	4.25247283504688	2.12582015167733	0.0458530786350729	0.00757402857115366	0.00208515982763561	0.0774929783331943
One_185	0.247878176314923	0.214516483438668	0.876536619628327	3.11448346582912	0.443098507482908	0.247878176314923	0.214516483438668	0.52289823868836
One_186	0.209241413392637	0.157081219477502	1.06171651416333	2.29508835827088	0.387170958645614	0.209241413392637	0.157081219477502	0.470271066842721
One_187	0.311619760044441	0.290622871138074	1.84638123190429	3.98460920518338	0.138845749070005	0.311619760044441	0.290622871138074	0.195878705486863
One_188	0.0774579509061475	0.0560475873427818	2.69985871904477	2.74931246755655	0.0811241316589199	0.0774579509061475	0.0560475873427818	0.123925820755037
One_189	0.16278387558604	0.0898182757048048	5.97398085323344	3.73965467769181	0.00487500788114258	0.16278387558604	0.0898182757048048	0.0132664148896667
One_19	0.15507280115727	0.0546087151797599	19.0965205760928	3.45558915555984	0.000125859117574672	0.15507280115727	0.0546087151797599	0.00208926135173955
One_190	0.105905783414489	0.0494900921807601	30.4028948127259	2.03730620876678	0.000974538282394348	0.105905783414489	0.0494900921807601	0.00515355870315293
One_191	0.288719397851957	0.164128273678811	6.25055648426169	3.76946716759226	0.00406258631231827	0.288719397851957	0.164128273678811	0.0117626045554331
One_192	0.321323565049651	0.212903063663645	11.6597433485636	3.54126076469532	0.000596750862149534	0.321323565049651	0.212903063663645	0.00404302734414802
One_193	0.254607192744368	0.262041111313972	-0.162330318429566	3.85901422364186	0.879188970375056	0.254607192744368	0.262041111313972	0.906492975666207
One_194	0.147225629331009	0.214993442234761	-1.41981987648181	3.45393252002924	0.239283772857145	0.147225629331009	0.214993442234761	0.317768850354289
One_195	0.131989780453528	0.216894880933115	-1.87241007854679	3.99602556012636	0.13452686331743	0.131989780453528	0.216894880933115	0.191960968286763
One_196	0.372456837599052	0.257473722484133	7.84261361115112	3.80006105562744	0.00175954277486138	0.372456837599052	0.257473722484133	0.00712400245431681
One_197	0.332275850335427	0.297413078088721	1.17239363649488	3.64619738653471	0.311901357444089	0.332275850335427	0.297413078088721	0.395233781188693
One_198	0.356733285489972	0.309392792354909	1.80763203723135	3.74675652535633	0.149771500835859	0.356733285489972	0.309392792354909	0.20892495074582
One_199	0.0711218286918747	0.0972960843516763	-0.949955531428565	3.57264584887825	0.401867405452404	0.0711218286918747	0.0972960843516763	0.481349534874507
One_2	0.359791617920546	0.19510789899989	12.8339981214865	3.8511734243926	0.000265662048313817	0.359791617920546	0.19510789899989	0.00281826089530726
One_20	0.0319785541224334	0.0195777662179059	3.39104298060375	2.92879480741839	0.0443157106918582	0.0319785541224334	0.0195777662179059	0.0755795339881691
One_200	0.443985134604304	0.460620670879826	-0.839449785386621	3.35264540026181	0.456874462309	0.443985134604304	0.460620670879826	0.536611986391232
One_201	0.484788358554022	0.492035728161657	-1.25796233513764	3.43943459476114	0.287030915167145	0.484788358554022	0.492035728161657	0.36840565915783
One_202	0.1239234255079	0.170694430579012	-0.87289388195055	3.75133311532225	0.435025299787818	0.1239234255079	0.170694430579012	0.514590497136184
One_203	0.302246327220559	0.366024668114949	-1.28414057502507	3.98105862393012	0.268730497916702	0.302246327220559	0.366024668114949	0.351254036647027
One_204	0.373762354085435	0.384708768327583	-0.407879595056405	3.39813718476327	0.707723037725472	0.373762354085435	0.384708768327583	0.766369017342678
One_205	0.0817179373723218	0.0311515660482114	10.6311136296582	3.20806286384237	0.00131342722514557	0.0817179373723218	0.0311515660482114	0.00605635887150459
One_206	0.193939408145759	0.182572039812955	0.235362563829994	3.91622533068207	0.825720890046475	0.193939408145759	0.182572039812955	0.862073382061099
One_207	0.217151589287898	0.0886255524984241	29.1672543159833	2.0255682625343	0.00109463448560466	0.217151589287898	0.0886255524984241	0.00547134401352135
One_208	0.431144982152063	0.431159221477694	-0.000321280552574406	3.96706067565673	0.999759161068053	0.431144982152063	0.431159221477694	0.999759161068053
One_209	0.106941017183556	0.0480917471453489	10.0737952599227	3.33750447041371	0.00130127345234863	0.106941017183556	0.0480917471453489	0.00605635887150459
One_21	0.268544491195263	0.202798663324979	1.17199853094789	2.32823026117593	0.347115402232997	0.268544491195263	0.202798663324979	0.42583656077707
One_210	0.330349499986585	0.336469452426346	-0.118388117530597	3.77006498402128	0.911797200845386	0.330349499986585	0.336469452426346	0.93239220948871
One_211	0.176297165641828	0.083987300978814	11.5025313850628	2.64650184601582	0.00247401998505435	0.176297165641828	0.083987300978814	0.00882477289299459
One_212	0.00659935851935419	0.00623420648820179	0.366941248437123	2.18230512198919	0.746223095004621	0.00659935851935419	0.00623420648820179	0.799180863037207
One_213	0.0580359048551121	0.0253685522660486	8.17353488728116	3.97499941323694	0.00125311514584483	0.0580359048551121	0.0253685522660486	0.00600049367914159
One_214	0.0193838643771219	0.0218078904820726	-0.277523819366276	3.5167373826088	0.796912868700444	0.0193838643771219	0.0218078904820726	0.842595772001744
One_215	0.350878389459722	0.171424460447571	16.0489445499859	3.89406413199673	0.000105694262027011	0.350878389459722	0.171424460447571	0.00200523601426593
One_216	0.484514746247102	0.491039324527586	-1.00353013264259	2.85991781637788	0.392804269534775	0.484514746247102	0.491039324527586	0.473647763264692
One_217	0.316658502651685	0.145298635031599	21.8937785511014	2.13707473826456	0.00149365882996753	0.316658502651685	0.145298635031599	0.00648084337243999
One_218	0.392572551370658	0.424987288815258	-0.892636573656194	2.26794208401646	0.456497656421906	0.392572551370658	0.424987288815258	0.536611986391232
One_219	0.488768636000236	0.495419065478388	-1.33924712532275	2.36526543326637	0.294639432575551	0.488768636000236	0.495419065478388	0.376231890827242
One_22	0.323281965160298	0.172911906182523	9.4675047606275	3.99883189252413	0.000695327147552934	0.323281965160298	0.172911906182523	0.00427497431458471
One_220	0.0387435434964062	0.00875340439203046	19.4316617806273	2.52678237092097	0.000810254061071515	0.0387435434964062	0.00875340439203046	0.00453861625919466
One_221	0.0334802305145399	0.0113759616722667	10.758155809498	2.60725684746828	0.00313152268766498	0.0334802305145399	0.0113759616722667	0.00980816539910163
One_222	0.0871180317835597	0.0378811874115693	1.6844720283079	3.32525122058385	0.181684247996232	0.0871180317835597	0.0378811874115693	0.249941313541778
One_223	0.253942075250494	0.111708188670663	13.9435422427283	3.73392698008297	0.000234190580486669	0.253942075250494	0.111708188670663	0.0027122536995898
One_224	0.41891654848552	0.439745493691884	-0.65574086352961	3.00372946798605	0.558739280012548	0.41891654848552	0.439745493691884	0.630957282191041
One_225	0.370908099716843	0.392168013287132	-0.970970012360359	3.00571441767504	0.403057743057569	0.370908099716843	0.392168013287132	0.481349534874507
One_226	0.332091270104929	0.310332052771077	0.670169356261654	3.45210351887903	0.544882389517598	0.332091270104929	0.310332052771077	0.618112596764838
One_227	0.10184334909809	0.0577075921312661	8.70047851933285	3.56612062187129	0.00158695198208714	0.10184334909809	0.0577075921312661	0.00664119400907053
One_228	0.220252710965911	0.0935688908493061	10.2587000432232	3.72203581254278	0.000730156578458451	0.220252710965911	0.0935688908493061	0.00429911636997329
One_229	0.421160706047882	0.18605791946253	13.3929174854249	3.18010432981768	0.000664686864056248	0.421160706047882	0.18605791946253	0.00427497431458471
One_23	0.288426405891298	0.159899088510511	4.27885935858222	3.56502633653917	0.0164331726126427	0.288426405891298	0.159899088510511	0.0331324694781217
One_230	0.128650114421247	0.0535355308748729	13.3425797715227	3.69928930445549	0.000290712037209988	0.128650114421247	0.0535355308748729	0.00283871753981518
One_231	0.0288591418345476	0.0256515419941214	1.035412278136	2.05648132245557	0.406698382221237	0.0288591418345476	0.0256515419941214	0.483378984119752
One_232	0.0591503644998456	0.0444442415713411	1.9064726320187	3.91116298944761	0.130887449240292	0.0591503644998456	0.0444442415713411	0.187844235509123
One_233	0.458174685257511	0.391125480308831	11.4137174968457	2.24037442308872	0.00497410195015761	0.458174685257511	0.391125480308831	0.0134625150607527
One_234	0.0533868403177705	0.0152387477504656	8.000718228253	3.93533847982873	0.00141676595154174	0.0533868403177705	0.0152387477504656	0.00635630129610619
One_235	0.100755346131054	0.0806857963833316	0.634158163924854	3.43298648360224	0.565741319099566	0.100755346131054	0.0806857963833316	0.631702190384718
One_236	0.324102709473573	0.381274845426806	-1.32812587259488	3.06761907984304	0.274306846373999	0.324102709473573	0.381274845426806	0.35574169139128
One_237	0.402273682627248	0.1873875928231	32.785689868801	2.64979782915474	0.000156154393679078	0.402273682627248	0.1873875928231	0.00228720258977002
One_238	0.143288084464555	0.136309839251016	0.0783236966907249	3.70974273496292	0.941610940475484	0.143288084464555	0.136309839251016	0.953094000725185
One_239	0.302862736926747	0.216780757071228	12.3205776286125	3.53625068403235	0.000496584241468445	0.302862736926747	0.216780757071228	0.00358404278625052
One_24	0.270845743251924	0.235495918766273	0.812001501894344	3.71979025519159	0.465544978385857	0.270845743251924	0.235495918766273	0.54237490707739
One_240	0.192171270681915	0.140575109204634	2.75600961421553	3.18645172954515	0.0657897918877247	0.192171270681915	0.140575109204634	0.104675132140853
One_241	0.342493041771054	0.222061939719761	4.58373291563589	3.11481116302413	0.0179597502438453	0.342493041771054	0.222061939719761	0.0352124237064368
One_242	0.306970928621752	0.182375911499917	6.08313334949389	3.30619536563895	0.00669799832856422	0.306970928621752	0.182375911499917	0.0166780158381249
One_243	0.336104786136157	0.199295958406995	6.36610531733729	3.310138134914	0.00579722694688461	0.336104786136157	0.199295958406995	0.0149761100754303
One_244	0.21447005078497	0.146486878259609	4.10865941458224	3.92267974271885	0.0153472010799368	0.21447005078497	0.146486878259609	0.0314522886329569
One_245	0.341925727330569	0.320477675284743	0.981983425215554	3.78736860930879	0.384597640606487	0.341925727330569	0.320477675284743	0.468287591740906
One_246	0.0112626873392258	0.00869751595995394	0.973373789153508	3.37196626048247	0.394905998264569	0.0112626873392258	0.00869751595995394	0.475031852984916
One_247	0.413214040098932	0.307798481711525	7.10618467193581	2.57362908499699	0.00933597255628163	0.413214040098932	0.307798481711525	0.021725767911347
One_248	0.332246153798032	0.197729837217766	11.7041652774749	3.72118584732987	0.00045308282426945	0.332246153798032	0.197729837217766	0.00336286472507364
One_249	0.287722275314127	0.167102287867788	5.67229969208942	3.58012682257828	0.00661450771455204	0.287722275314127	0.167102287867788	0.0165528886524971
One_25	0.0810896799373482	0.033049553661746	6.75506144429105	2.64985078575205	0.00970525129774284	0.0810896799373482	0.033049553661746	0.022480070447795
One_26	0.0147980611206187	0.00870038729567411	2.07168643279261	3.5990345550638	0.114768107817362	0.0147980611206187	0.00870038729567411	0.166146853758855
One_27	0.234874278511912	0.1497694743826	4.48282248613117	3.870122610361	0.0118234723246407	0.234874278511912	0.1497694743826	0.0256003879029177
One_28	0.0066050230501913	0.00957857381560592	-0.53913939915075	2.11126945520949	0.64126112905438	0.0066050230501913	0.00957857381560592	0.704962565715411
One_29	0.290875152657454	0.21192379263078	2.89362069714257	3.38833178016002	0.0542407686186205	0.290875152657454	0.21192379263078	0.0894433866624934
One_3	0.356698477708784	0.194020854496166	12.6392950859194	3.74565418609035	0.00032989587735606	0.356698477708784	0.194020854496166	0.00309977635704373
One_30	0.275591779209612	0.130090795218884	20.9224913558669	3.45415281825575	9.22742683297424e-05	0.275591779209612	0.130090795218884	0.0019678946966593
One_31	0.0722312921721707	0.0409924443392299	5.80046398488767	3.0302274370082	0.00991758257632727	0.0722312921721707	0.0409924443392299	0.0226557620321605
One_32	0.237546721349576	0.211279688882213	0.657968532984321	2.57475394597501	0.564567664147262	0.237546721349576	0.211279688882213	0.631702190384718
One_33	0.267641955747455	0.126908129088887	9.6821441093526	3.94446078894597	0.000681719166560758	0.267641955747455	0.126908129088887	0.00427497431458471
One_34	0.280554471462051	0.104585036004446	15.4106986906069	3.30844869210747	0.00033995593405141	0.280554471462051	0.104585036004446	0.00313514916958522
One_35	0.2369533749935	0.165159473360477	7.06270521678575	3.66370857818654	0.00292965898295256	0.2369533749935	0.165159473360477	0.00947383229552192
One_36	0.251637738264405	0.216176491848689	1.52684287440086	2.37894659820373	0.246774718031842	0.251637738264405	0.216176491848689	0.326686484313663
One_37	0.399252438619293	0.190988492968258	15.2111193805082	2.05561318537863	0.00382784596478259	0.399252438619293	0.190988492968258	0.0114147741943816
One_38	0.0658089333309901	0.115768843314236	-1.3029934973725	2.230494399087	0.310813002932436	0.0658089333309901	0.115768843314236	0.39485937617437
One_39	0.00241343805986773	0.00226052767876867	0.17182761871981	3.89387059445115	0.872131814242238	0.00241343805986773	0.00226052767876867	0.905661205655711
One_4	0.348046496107902	0.165758632400221	24.1005781898665	3.07376443798082	0.000132427882332378	0.348046496107902	0.165758632400221	0.00212738985166207
One_40	0.216794575854476	0.0949513073234159	34.4389484185224	2.00574772499987	0.000828222144796874	0.216794575854476	0.0949513073234159	0.00453861625919466
One_41	0.125172404098377	0.114567868262625	1.8548548918708	3.8328190012584	0.14032870761202	0.125172404098377	0.114567868262625	0.197411571725384
One_42	0.239482387277479	0.264297483213585	-0.400101719380502	3.99546261498888	0.70955013079019	0.239482387277479	0.264297483213585	0.766498839769013
One_43	0.245528436504042	0.278377651853087	-0.61526895822427	3.91759025800969	0.572317284350544	0.245528436504042	0.278377651853087	0.636191981264668
One_44	0.348877913238258	0.190788608046723	10.0051767509487	3.99933284556805	0.00056134820872852	0.348877913238258	0.190788608046723	0.0038826584437056
One_45	0.25259592584154	0.184622254265374	1.13580872947419	3.20608857929753	0.333752099180323	0.25259592584154	0.184622254265374	0.413841311552059
One_46	0.423746877376855	0.428459358228066	-0.11167317570461	3.96058511515922	0.916512912232736	0.423746877376855	0.428459358228066	0.935293914532587
One_47	0.194304409464652	0.0527563309770016	13.1126787574772	3.75351842068896	0.000284689093488502	0.194304409464652	0.0527563309770016	0.00283871753981518
One_48	0.0678754845351027	0.0300192683505197	5.92715125255851	3.45389724906353	0.00637507564359389	0.0678754845351027	0.0300192683505197	0.0161156734543643
One_49	0.103871502664105	0.0659784850911657	3.18345333601461	2.28735545841803	0.0722174905232742	0.103871502664105	0.0659784850911657	0.113095315347769
One_5	0.117422825346748	0.0403742749819158	11.5223556057652	2.12071407723802	0.00600480312898853	0.117422825346748	0.0403742749819158	0.0153353433755707
One_50	0.388848663761208	0.250542250581172	3.95638764136188	2.20780721254365	0.0495104498417097	0.388848663761208	0.250542250581172	0.0830175219568062
One_51	0.288862499805118	0.278346360719561	0.375673824205451	3.76431408829505	0.727362688237361	0.288862499805118	0.278346360719561	0.784040300307805
One_52	0.0185536723574371	0.0221929884385362	-0.277424660132805	3.99384275882292	0.795221831407542	0.0185536723574371	0.0221929884385362	0.842595772001744
One_53	0.102629317100214	0.213898518293427	-2.08558291989024	3.96747378670534	0.105925265714827	0.102629317100214	0.213898518293427	0.155607027510277
One_54	0.247872664306131	0.0460192034384819	14.7402413324775	3.88529178667114	0.000148666807405659	0.247872664306131	0.0460192034384819	0.00227879180030735
One_55	0.357042247217239	0.220664542785115	7.37051840459734	3.66157762609021	0.00253264632433046	0.357042247217239	0.220664542785115	0.00882477289299459
One_56	0.32784839308148	0.197812734065237	6.07827202777893	3.46289085948085	0.00583406697717564	0.32784839308148	0.197812734065237	0.0149761100754303
One_57	0.120804697791165	0.06660342901283	5.51402739253607	2.79956889866362	0.0140564189391045	0.120804697791165	0.06660342901283	0.0292542748453754
One_58	0.278974843564569	0.206462061063478	7.0357450059771	3.90967169750364	0.00234159373035472	0.278974843564569	0.206462061063478	0.0086378790941974
One_59	0.336973048352691	0.256544228816687	16.6250701789783	2.08577527370097	0.00299252456078892	0.336973048352691	0.256544228816687	0.00955305917482618
One_6	0.346373696108204	0.18191856600179	10.0177983064182	3.63890030286394	0.000886623904014663	0.346373696108204	0.18191856600179	0.00479933374129676
One_60	0.360647942450879	0.220533509977479	7.31317937056189	3.66236602791306	0.00260011984974444	0.360647942450879	0.220533509977479	0.00882781745531369
One_61	0.281767199837218	0.121476769425545	17.903385954853	2.51877966054866	0.00101220827564609	0.281767199837218	0.121476769425545	0.00515355870315293
One_62	0.343201351065782	0.209988303200057	7.55281410786905	3.41086558210569	0.00303831885327889	0.343201351065782	0.209988303200057	0.0095764733476765
One_63	0.096591934735041	0.0681599534163792	2.45439465499802	3.48344101009904	0.0795134335486617	0.096591934735041	0.0681599534163792	0.122974192258489
One_64	0.288558655167574	0.140379045651156	11.0438026855529	3.9293345685488	0.000420530062896567	0.288558655167574	0.140379045651156	0.00333535012049503
One_65	0.362514340653979	0.290558969947675	2.17315420531284	3.17049380014269	0.113265263817957	0.362514340653979	0.290558969947675	0.164449275164264
One_66	0.102619377666407	0.029063301992631	28.3948423153918	2.39657980210266	0.000435336863116822	0.102619377666407	0.029063301992631	0.00333535012049503
One_67	0.330898895559328	0.18330169560246	12.9158666168963	3.71328090519074	0.000320198550527106	0.330898895559328	0.18330169560246	0.00306651688774036
One_68	0.070681472300437	0.0436886512171102	18.4482910835489	2.78597687378036	0.000537329238749864	0.070681472300437	0.0436886512171102	0.00376887268869623
One_69	0.223986841525172	0.145817997843	22.6716060628979	2.42741112034273	0.000693326905414254	0.223986841525172	0.145817997843	0.00427497431458471
One_7	0.343805657323216	0.213809013542089	2.72387113675934	3.53264690498647	0.060429203737605	0.343805657323216	0.213809013542089	0.0977069592900237
One_70	0.231374571740194	0.119170286893241	8.82546476537855	3.81885223207761	0.001120636725661	0.231374571740194	0.119170286893241	0.00547134401352135
One_71	0.378124204606506	0.16037545185297	23.730772519765	3.82348246715826	2.71013902457518e-05	0.378124204606506	0.16037545185297	0.00146388542082546
One_72	0.177306856438932	0.106999133008113	3.71114785110141	3.55419455573292	0.025403263530743	0.177306856438932	0.106999133008113	0.0473813679337454
One_73	0.493498800875087	0.497018022656373	-1.60733659947315	2.21362573836834	0.23725789777555	0.493498800875087	0.497018022656373	0.315920944096855
One_74	0.171980003772873	0.144229003319912	2.00307046267677	3.18479661125241	0.133583342103432	0.171980003772873	0.144229003319912	0.191162368872153
One_75	0.444364495785326	0.357029345611631	7.42516795770893	2.19330479202399	0.0135984439256392	0.444364495785326	0.357029345611631	0.0285739454640013
One_76	0.141160256455739	0.109069998892972	1.68367700891124	2.08149457074779	0.229393987370586	0.141160256455739	0.109069998892972	0.307919691942188
One_77	0.232708652309093	0.145851977874154	10.4053075252539	2.3182143046186	0.00537765122910886	0.232708652309093	0.145851977874154	0.0142450548515756
One_78	0.47938345070457	0.476915882262063	3.1576268909841	3.69648146041242	0.0382235558035518	0.47938345070457	0.476915882262063	0.0667906343514694
One_79	0.39445125227328	0.228287279378469	8.498462387414	2.81018700502421	0.00436596985663327	0.39445125227328	0.228287279378469	0.0123550293286731
One_8	0.0875737799812895	0.0830528482905711	0.153375043221755	3.98035505135799	0.885563859928871	0.0875737799812895	0.0830528482905711	0.908851368384987
One_80	0.0520816124585357	0.0702219103860782	-1.82259550276146	3.10226070727556	0.162850603450121	0.0520816124585357	0.0702219103860782	0.225904179716324
One_81	0.273169752072151	0.215608465608466	1.52098274446811	2.99375206998691	0.225791967127903	0.273169752072151	0.215608465608466	0.303903782782962
One_82	0.377317598269549	0.381384681727065	-0.641426699792135	3.26450235901807	0.563459421469897	0.377317598269549	0.381384681727065	0.631702190384718
One_83	0.147341583535972	0.078763524014702	4.11528446085393	3.32163886708028	0.0213155524772694	0.147341583535972	0.078763524014702	0.0411439733863572
One_84	0.483655793084784	0.480546429907584	1.27780594475849	2.67441282539621	0.300952494868353	0.483655793084784	0.480546429907584	0.383310338732583
One_85	0.197464902684775	0.116627890802877	4.55699187790575	2.39412934835032	0.0316998560060007	0.197464902684775	0.116627890802877	0.0568794435801032
One_86	0.350546156497776	0.231159433874407	5.6437871855005	3.13665897622448	0.00975381767149777	0.350546156497776	0.231159433874407	0.0224879685203976
One_87	0.214798358709417	0.154861707096714	2.40566455476985	2.87977914444806	0.0989820819920757	0.214798358709417	0.154861707096714	0.147143512931504
One_88	0.259832774187298	0.167618230097369	3.21851037344045	3.26421622094589	0.0431814026100944	0.259832774187298	0.167618230097369	0.073898070446141
One_89	0.323423983081787	0.249335916749155	2.49621157098497	3.31668396731489	0.0799544324185578	0.323423983081787	0.249335916749155	0.123273397351213
One_9	0.00917926405886768	0.00327139413127736	7.02831196595756	2.29993931197188	0.0133633405059559	0.00917926405886768	0.00327139413127736	0.028198913440534
One_90	0.135348203784314	0.0886841936236516	2.35465633695243	3.35990847466811	0.0905503006608167	0.135348203784314	0.0886841936236516	0.135733374425137
One_91	0.143073803449645	0.0629753503658644	20.121050733332	3.99290973546004	3.65062032355103e-05	0.143073803449645	0.0629753503658644	0.00146388542082546
One_92	0.371693411140263	0.209556225336308	5.21112125439949	2.22843895027083	0.027635795268333	0.371693411140263	0.209556225336308	0.0507845979469735
One_93	0.341811361933792	0.14281354181327	16.2490079021182	3.97332949410295	8.78777586015114e-05	0.341811361933792	0.14281354181327	0.0019678946966593
One_94	0.171551078951801	0.241896928334708	-2.1685718050687	3.77029956335489	0.100123961215198	0.171551078951801	0.241896928334708	0.148173651902702
One_95	0.338428436859946	0.197120469861789	5.65237874356876	2.55874658002974	0.0166026647356701	0.338428436859946	0.197120469861789	0.0332053294713402
One_96	0.320215809384514	0.254116784598712	2.15018622808499	2.56666180142138	0.13577741995334	0.320215809384514	0.254116784598712	0.192094190729441
One_97	0.0977615007761875	0.0438912359897314	7.38764166081541	3.14838901416575	0.00434196160378649	0.0977615007761875	0.0438912359897314	0.0123550293286731
One_98	0.0693067924203329	0.0218244628234206	5.54947462607904	3.86227934322682	0.00571570058225716	0.0693067924203329	0.0218244628234206	0.0149027167013826
One_99	0.03347957978639	0.0225897096511833	1.88807122016648	3.83122044345822	0.135182117108543	0.03347957978639	0.0225897096511833	0.192094190729441
Two_1	0.364868227691633	0.290335101925919	1.94817408566849	3.05326742986064	0.144931392292964	0.364868227691633	0.290335101925919	0.202741104949146
Two_10	0.24891632995805	0.130846710335429	23.5206358814286	3.43846641854127	6.38657506727931e-05	0.24891632995805	0.130846710335429	0.00167395493868689
Two_100	0.16736508989991	0.0704342962292111	9.82915685421269	3.99997739948301	0.000600771131459745	0.16736508989991	0.0704342962292111	0.00404302734414802
Two_101	0.32329525952044	0.138574780890641	12.3619896596598	3.99743489298088	0.000247004893315241	0.32329525952044	0.138574780890641	0.00278649608125234
Two_102	0.193610672699781	0.122876783554863	3.15817851962795	3.91827099287735	0.0352388776739148	0.193610672699781	0.122876783554863	0.0620104631858996
Two_103	0.340965877823053	0.193092886633718	9.10325169097428	3.97728618180097	0.000829345541338783	0.340965877823053	0.193092886633718	0.00453861625919466
Two_104	0.310262201012635	0.219715075071394	4.42141206925984	3.81385553881877	0.0127920952072876	0.310262201012635	0.219715075071394	0.0274588940225398
Two_105	0.00883462205069125	0.00350907821277549	2.37965365148912	2.58069174608586	0.111681993622437	0.00883462205069125	0.00350907821277549	0.16268296369828
Two_106	0.24810647586102	0.0944053743302433	16.032515544531	2.36942425689154	0.00179884972893316	0.24810647586102	0.0944053743302433	0.007224412621038
Two_107	0.149672939347887	0.145948062432553	0.237225123067693	3.88748475405471	0.824456932385519	0.149672939347887	0.145948062432553	0.862073382061099
Two_108	0.0926980267870711	0.0387095990859597	7.61133497655432	3.18283171015441	0.00381678268682735	0.0926980267870711	0.0387095990859597	0.0114147741943816
Two_109	0.0980576953739943	0.0806110291777115	0.742892897719903	3.0009185107184	0.511415449545117	0.0980576953739943	0.0806110291777115	0.586831552703844
Two_11	0.346468871292776	0.247512761919789	2.67925102736488	3.13679399987914	0.0715911037364436	0.346468871292776	0.247512761919789	0.112468043093845
Two_110	0.348484150682356	0.151688028322856	26.6589931800118	2.27335092629744	0.000691681792964832	0.348484150682356	0.151688028322856	0.00427497431458471
Two_111	0.24844687255075	0.162543159599475	4.738813333921	2.23598528558458	0.0334646647608524	0.24844687255075	0.162543159599475	0.05930748416692
Two_112	0.224550899329483	0.123583044801164	13.2027492168503	2.56010030814177	0.00201178656722308	0.224550899329483	0.123583044801164	0.00764786038532131
Two_113	0.0500259005081791	0.0389674721904217	1.35430821898359	3.98672468703789	0.247310852582833	0.0500259005081791	0.0389674721904217	0.326686484313663
Two_114	0.115372945607116	0.0832930377194377	8.04128022938007	3.62504408719916	0.00194651853244411	0.115372945607116	0.0832930377194377	0.00757317366529036
Two_115	0.238837705767957	0.253817487329186	-0.289926233171961	3.89742919632792	0.786640856154437	0.238837705767957	0.253817487329186	0.835473361867307
Two_116	0.247435623142566	0.229298735210118	1.5141694114254	3.99539857128691	0.204627443302323	0.247435623142566	0.229298735210118	0.277668846769909
Two_117	0.108985389959383	0.0412440448245847	35.526016505901	3.34484571383279	1.98066238003092e-05	0.108985389959383	0.0412440448245847	0.00146388542082546
Two_118	0.190267526365681	0.127521637985347	6.19105642009659	3.70336063634954	0.00444658993133845	0.190267526365681	0.127521637985347	0.0124287433771546
Two_119	0.112732983619665	0.0664110124788062	3.06842258490148	3.99987172111436	0.0373519371758287	0.112732983619665	0.0664110124788062	0.0654974109632489
Two_12	0.194202802833545	0.0961688147666177	5.95832255057281	3.70410722564022	0.00506670730496155	0.194202802833545	0.0961688147666177	0.0135657002036067
Two_120	0.362914367683954	0.391048129543209	-0.808475363069637	3.76790519831068	0.466761389075715	0.362914367683954	0.391048129543209	0.54237490707739
Two_121	0.194909703121446	0.131080120240192	3.98946762988933	3.75865435343439	0.0183748499136255	0.194909703121446	0.131080120240192	0.0357448252225997
Two_122	0.25586705270727	0.225336231895854	1.71878453268483	2.92626785117467	0.186445893880566	0.25586705270727	0.225336231895854	0.255082569100335
Two_123	0.336053230188735	0.295678891247365	1.41123561573619	3.94721296356414	0.231916052009416	0.336053230188735	0.295678891247365	0.310468263173896
Two_124	0.149611139829776	0.16395138694313	-0.388211955583615	2.2424469133678	0.731659272883732	0.149611139829776	0.16395138694313	0.786968289192437
Two_125	0.216331787434313	0.134213597992244	3.07719879234411	3.60935503946167	0.0424604207074458	0.216331787434313	0.134213597992244	0.0731670917380901
Two_126	0.288589963811026	0.164676288605002	4.5179665519262	2.43013381826787	0.0313583579560549	0.288589963811026	0.164676288605002	0.0565813850076643
Two_127	0.343555779626537	0.219512260576161	5.58150796503813	3.25844052894039	0.00907821153148101	0.343555779626537	0.219512260576161	0.021325232748479
Two_128	0.365585278022548	0.117435422019492	22.8016427589012	3.90549818666238	2.66178887515038e-05	0.365585278022548	0.117435422019492	0.00146388542082546
Two_129	0.210149069416897	0.100537733615583	17.7862047964765	2.10318509442485	0.0025036159490116	0.210149069416897	0.100537733615583	0.00882477289299459
Two_13	0.404258934402623	0.254958380795861	6.1968364518123	2.57328004666862	0.0130833792997728	0.404258934402623	0.254958380795861	0.0277256293246249
Two_130	0.326341143142606	0.2640268120032	2.04768873673602	3.94805705249255	0.110898949446937	0.326341143142606	0.2640268120032	0.16243434360169
Two_131	0.104434048206884	0.0422625970829787	21.36493491825	3.48251425319144	8.09805151240094e-05	0.104434048206884	0.0422625970829787	0.0019203950729408
Two_132	0.226308816561413	0.160924608149722	2.93651328259065	3.39632851517845	0.0520619696060172	0.226308816561413	0.160924608149722	0.0864228695459885
Two_133	0.347051225355528	0.164135976381967	21.6660065843354	2.12524578254713	0.00157100674046008	0.347051225355528	0.164135976381967	0.00664119400907053
Two_134	0.14104034449289	0.0710067394968721	6.73915794890743	2.78708719561695	0.00838532467436972	0.14104034449289	0.0710067394968721	0.0202713188729909
Two_135	0.0910168368399509	0.0459087211698082	9.0642567132705	3.31603224747824	0.00188293760519741	0.0910168368399509	0.0459087211698082	0.00744208672530406
Two_136	0.362985056666674	0.171301098525778	25.6522027054085	3.21128797949923	7.96129685491079e-05	0.362985056666674	0.171301098525778	0.0019203950729408
Two_137	0.0109115032047101	0.00789914500204925	1.34429110253755	2.94077340600861	0.273146351234899	0.0109115032047101	0.00789914500204925	0.355161574190548
Two_138	0.183501908997657	0.108265099072423	2.9285913683129	2.19669040089588	0.0890731977410317	0.183501908997657	0.108265099072423	0.134013451586205
Two_139	0.371033844132375	0.423293623022437	-2.81855894428786	2.91823134058488	0.0689917047003699	0.371033844132375	0.423293623022437	0.109072599812013
Two_14	0.29749983101072	0.0980185805447781	20.6800709228534	2.00103974788599	0.00232435007159939	0.29749983101072	0.0980185805447781	0.0086378790941974
Two_140	0.314363904154597	0.123211758581702	10.9435053485766	3.99073207364076	0.000400975734782105	0.314363904154597	0.123211758581702	0.00332809859869147
Two_141	0.337405307963079	0.135329772043608	14.9807517178301	3.99422843925651	0.000116770771915084	0.337405307963079	0.135329772043608	0.00200523601426593
Two_142	0.302883911268614	0.124466451354145	10.8133465921672	3.07673770400107	0.00150959403856032	0.302883911268614	0.124466451354145	0.00648084337243999
Two_143	0.245712338727326	0.130688832632972	6.10793759232156	3.99875857382144	0.00364026287095251	0.245712338727326	0.130688832632972	0.0111217847222966
Two_144	0.346652850552175	0.203625038417046	8.72759649678297	3.13488941090342	0.00266558861708032	0.346652850552175	0.203625038417046	0.00890914853225503
Two_145	0.0670912547107053	0.0669904731496191	0.00133191118090573	3.99892509187727	0.999001083293964	0.0670912547107053	0.0669904731496191	0.999759161068053
Two_146	0.0189468110334706	0.00522630220300886	7.13962130088916	2.03536456117699	0.0181779683053068	0.0189468110334706	0.00522630220300886	0.035500502808011
Two_147	0.252596626234748	0.265922308900056	-0.260148473529779	3.98349007949723	0.807642187222124	0.252596626234748	0.265922308900056	0.850329406419911
Two_148	0.162457862435042	0.0800970157427319	8.4212989448238	3.79976274017957	0.00135944387489415	0.162457862435042	0.0800970157427319	0.00615457317906624
Two_149	0.107101640936841	0.0834650141218074	2.35459329177827	3.86200579053943	0.0804495915904878	0.107101640936841	0.0834650141218074	0.123273528037117
Two_15	0.345806412869308	0.179380869727471	15.8906309093294	3.86671053511726	0.000115071653860655	0.345806412869308	0.179380869727471	0.00200523601426593
Two_150	0.233217552254179	0.116315518821453	8.98096204438351	2.67233565264554	0.00453537769271094	0.233217552254179	0.116315518821453	0.0125478782831669
Two_151	0.345305708076488	0.213728860611701	5.98961096027438	3.60277586711944	0.00542159118313565	0.345305708076488	0.213728860611701	0.0142854624825479
Two_152	0.309509346076315	0.203443750330232	3.03089595119465	3.47873524650237	0.0464529213765167	0.309509346076315	0.203443750330232	0.0781539015050855
Two_153	0.492164071277285	0.496102395981982	-1.17115270626375	2.40657896717681	0.344381553130905	0.492164071277285	0.496102395981982	0.424509934304928
Two_154	0.00582543733872794	0.00499810281107123	0.622339155446912	3.65864153477521	0.570388382246568	0.00582543733872794	0.00499810281107123	0.635466251361948
Two_155	0.166826439316627	0.0795154575555759	6.46345016841464	3.92029649138819	0.00316240759677366	0.166826439316627	0.0795154575555759	0.00984299364495803
Two_156	0.416089493221105	0.408978358827109	0.252696273195311	3.36215492626439	0.815179231435398	0.416089493221105	0.408978358827109	0.854651067904902
Two_157	0.234468811916118	0.121879572840171	9.94297138993717	3.48390300838181	0.00111608682081727	0.234468811916118	0.121879572840171	0.00547134401352135
Two_158	0.27805888658535	0.187569450267632	2.88485087145845	3.23438098017741	0.0578105742150721	0.27805888658535	0.187569450267632	0.0943923474069046
Two_159	0.267075775520874	0.133476344982727	8.57383315915414	3.85945123322612	0.00118993611968378	0.267075775520874	0.133476344982727	0.00575328337478177
Two_16	0.164609320193155	0.0881673893455477	4.42206560658481	2.03826086552456	0.0459044751170529	0.164609320193155	0.0881673893455477	0.0774929783331943
Two_160	0.174564927435181	0.256310953725596	-4.60067459874409	3.89851254393008	0.0106521061437443	0.174564927435181	0.256310953725596	0.0238952651332642
Two_161	0.298926290926743	0.353323031410462	-0.965248630281673	3.9603851020811	0.389589598450191	0.298926290926743	0.353323031410462	0.470911699097561
Two_162	0.342945386133309	0.164110231383808	30.3239841743634	2.05499016471256	0.000933271434574594	0.342945386133309	0.164110231383808	0.00499751800449621
Two_163	0.182945377379835	0.0625681524364976	24.2903116321796	3.93570523858695	1.95278477322479e-05	0.182945377379835	0.0625681524364976	0.00146388542082546
Two_164	0.352855818516689	0.169256395125832	24.3899540790254	3.98804475503508	1.71969313917378e-05	0.352855818516689	0.169256395125832	0.00146388542082546
Two_165	0.0120948950291751	0.0100165562986698	0.829401377545404	3.13736598017352	0.465269095153487	0.0120948950291751	0.0100165562986698	0.54237490707739
Two_166	0.139883511027088	0.065663002368744	4.45175804336376	2.90036339161209	0.0226390966936502	0.139883511027088	0.065663002368744	0.0431964373694935
Two_167	0.141138832542296	0.0571043749047519	21.1918533238866	3.70140757711484	5.32721312530499e-05	0.141138832542296	0.0571043749047519	0.00167395493868689
Two_168	0.0264235661758816	0.0233040339901511	0.744558793504675	3.88429199027773	0.499057564808622	0.0264235661758816	0.0233040339901511	0.573973827424235
Two_169	0.106345521914757	0.0755783609319033	2.08466982164458	3.29357370782396	0.120296127412478	0.106345521914757	0.0755783609319033	0.173546412519092
Two_17	0.315778111425725	0.159156330175953	11.5816327344676	3.49409467893322	0.000654543017159419	0.315778111425725	0.159156330175953	0.00427497431458471
Two_170	0.0155789036251553	0.00489138838332486	10.4885980823889	2.08215859490297	0.00779972598279229	0.0155789036251553	0.00489138838332486	0.0190405075462282
Two_171	0.363270674970238	0.397964460572795	-0.680583788556293	3.33510086239756	0.540409387053398	0.363270674970238	0.397964460572795	0.615844106985337
Two_172	0.208525413169812	0.228575168980626	-0.521544690764206	3.74857531733211	0.63127371084499	0.208525413169812	0.228575168980626	0.69706054989092
Two_173	0.157260487508971	0.0090605928405914	29.2490006547894	2.22227349252503	0.000641722112554773	0.157260487508971	0.0090605928405914	0.00426103482736369
Two_174	0.00772166369662623	0.00410276330945914	3.74287331288323	2.05822185978059	0.061737181733776	0.00772166369662623	0.00410276330945914	0.099177795172324
Two_175	0.182782698987221	0.114838182420546	3.24948945758833	2.66735915508077	0.0560843911682584	0.182782698987221	0.114838182420546	0.0921341491287492
Two_176	0.0987603812230854	0.0789349053767812	0.673992444728014	2.14438224379552	0.565658574854868	0.0987603812230854	0.0789349053767812	0.631702190384718
Two_177	0.482663712459457	0.492214581978639	-1.89896091004121	2.49456814774478	0.172136396559599	0.482663712459457	0.492214581978639	0.237462397470028
Two_178	0.128541411081975	0.124667821286029	0.0629761719905973	3.3152996060955	0.953393503096946	0.128541411081975	0.124667821286029	0.961113288547123
Two_179	0.0181422360372445	0.0111207633175098	6.99105704954761	2.68977764234076	0.00849492162292109	0.0181422360372445	0.0111207633175098	0.0204370578174623
Two_18	0.0811771654713178	0.0539417077094539	2.60383814500132	3.77742204463745	0.0633481696339065	0.0811771654713178	0.0539417077094539	0.10143854815976
Two_180	0.490259627073246	0.490395399291507	-0.0805730992269913	3.89635379014525	0.939749567058687	0.490259627073246	0.490395399291507	0.953094000725185
Two_181	0.0428292073116277	0.0223929270643417	3.82497634938062	3.3906614314959	0.0252962002186067	0.0428292073116277	0.0223929270643417	0.0473590515370907
Two_182	0.111920717364044	0.102506300055484	4.15465005501493	2.61999065564936	0.03283648512313	0.111920717364044	0.102506300055484	0.0584020342547099
Two_183	0.256876330601073	0.212580615410322	1.50902841076154	3.90860270576705	0.20741805918471	0.256876330601073	0.212580615410322	0.280690743135831
Two_184	0.353953117778689	0.235367232849796	5.37491910835205	3.41572387133691	0.00896239074516262	0.353953117778689	0.235367232849796	0.021325232748479
Two_185	0.305251857927978	0.12024082985022	20.4409101050956	2.02617655665981	0.00224166745252813	0.305251857927978	0.12024082985022	0.00845719993453795
Two_186	0.00785062870337565	0.0031669901320646	6.93884022223196	2.27869043898799	0.014114607348972	0.00785062870337565	0.0031669901320646	0.0292542748453754
Two_187	0.0161116650534665	0.00937063153181381	2.53628654878163	2.53589418475123	0.100270121869901	0.0161116650534665	0.00937063153181381	0.148173651902702
Two_188	0.225900011005013	0.165019238684914	2.96394689475052	3.74918854905571	0.0448896291608941	0.225900011005013	0.165019238684914	0.0762970488809736
Two_189	0.377065678687216	0.104753236881852	22.2917141739958	3.94654672415392	2.67265997023572e-05	0.377065678687216	0.104753236881852	0.00146388542082546
Two_19	0.347008124856534	0.167622756631284	21.6064538791529	2.40383593387727	0.000822350848412288	0.347008124856534	0.167622756631284	0.00453861625919466
Two_190	0.267162317961049	0.165723691744127	16.1200994616577	2.00258401540907	0.00380516385737369	0.267162317961049	0.165723691744127	0.0114147741943816
Two_191	0.308186036120603	0.155433706056021	11.7647887169064	2.59860656168785	0.00252530398209272	0.308186036120603	0.155433706056021	0.00882477289299459
Two_192	0.279982648878435	0.165852754781657	6.34690111235318	3.89262570334442	0.00345994715472068	0.279982648878435	0.165852754781657	0.010702196789136
Two_193	0.086437000583109	0.135431303488841	-1.42290100224044	3.54611417240367	0.236461566196722	0.086437000583109	0.135431303488841	0.31570471840742
Two_194	0.446726567893016	0.316395584783817	20.1379273505582	3.97375413401602	3.77558421457031e-05	0.446726567893016	0.316395584783817	0.00146388542082546
Two_195	0.0807957550231889	0.0856677604588658	-0.15148404156892	3.9860152323506	0.886951335411855	0.0807957550231889	0.0856677604588658	0.908851368384987
Two_196	0.390719994686144	0.271380447953503	3.63742581294698	3.77894391179284	0.0242717794258648	0.390719994686144	0.271380447953503	0.0459594910801546
Two_197	0.446044504735449	0.367740993176057	13.4314146238362	3.99782629678079	0.00017833279512382	0.446044504735449	0.367740993176057	0.0023894588637175
Two_198	0.239963430164775	0.168949959058115	4.61266285453647	3.78793648715916	0.0112969662457349	0.239963430164775	0.168949959058115	0.0247977006364579
Two_199	0.490181049053709	0.495087097571294	-1.09731833585713	2.32614824318446	0.372997990558083	0.490181049053709	0.495087097571294	0.456395575670578
Two_2	0.3083290057836	0.15016687367497	15.5818158617011	3.38271739019705	0.000287242281384233	0.3083290057836	0.15016687367497	0.00283871753981518
Two_20	0.325187735853666	0.14539982841757	14.9636454812599	3.64746500009615	0.000208929723555888	0.325187735853666	0.14539982841757	0.00247730957930553
Two_200	0.118388589498902	0.152641799804887	-1.87428274353113	3.93029731993602	0.135430889069263	0.118388589498902	0.152641799804887	0.192094190729441
Two_201	0.0796001286750018	0.0528556129101495	1.35483749479738	2.91249550619109	0.270978276348134	0.0796001286750018	0.0528556129101495	0.353264873354374
Two_202	0.474178257980925	0.48314687786579	-1.01531216076573	2.36314260368166	0.402430530508322	0.474178257980925	0.48314687786579	0.481349534874507
Two_203	0.479174601042568	0.489663778218386	-1.18613945984251	2.38415670852452	0.340262597892311	0.479174601042568	0.489663778218386	0.420473383995957
Two_204	0.18368556994542	0.192703263298165	-0.170919023091125	3.5432272865805	0.873594882405075	0.18368556994542	0.192703263298165	0.905661205655711
Two_205	0.226257970212908	0.0953478087600163	10.8018296177546	3.98293787970292	0.000426169224083703	0.226257970212908	0.0953478087600163	0.00333535012049503
Two_206	0.0955310805940494	0.0520934381298398	2.0968764790497	3.22559714778075	0.120576423155835	0.0955310805940494	0.0520934381298398	0.173546412519092
Two_207	0.0568839904402385	0.0134343121141102	26.8524139732098	2.8023357813518	0.000182328186388082	0.0568839904402385	0.0134343121141102	0.0023894588637175
Two_208	0.225556701797674	0.180414228480743	1.28269951690665	2.96428200258356	0.290697838170988	0.225556701797674	0.180414228480743	0.37215301647597
Two_209	0.154453302121861	0.160340434416556	-0.152424522270409	3.94153775734302	0.88633561134492	0.154453302121861	0.160340434416556	0.908851368384987
Two_21	0.23184804664222	0.161653405129418	1.40238463779273	2.93960178493427	0.257118150450252	0.23184804664222	0.161653405129418	0.338742960116998
Two_210	0.454891451288849	0.477130140628783	-1.39314928239902	2.88334888344787	0.261286140211046	0.454891451288849	0.477130140628783	0.343325851781269
Two_211	0.342717768002818	0.15784956713176	18.9380156476588	3.9792798955203	4.75996267393213e-05	0.342717768002818	0.15784956713176	0.00167395493868689
Two_212	0.371271806865682	0.36380853644351	0.165541613155872	3.99158514286794	0.876563656879624	0.371271806865682	0.36380853644351	0.905661205655711
Two_213	0.114430251275159	0.139608558973483	-0.713411642790123	3.92961460358287	0.515667572419333	0.114430251275159	0.139608558973483	0.588996447396394
Two_214	0.0604017405267052	0.037609811645375	0.957646185127331	3.20424972240752	0.404781346877906	0.0604017405267052	0.037609811645375	0.482251461112912
Two_215	0.234501836993681	0.208361294184871	0.745857770923177	2.83866791318839	0.512678547026958	0.234501836993681	0.208361294184871	0.586928543492931
Two_216	0.0322257061289589	0.0110309584742023	9.4475201310943	2.6134139714419	0.00432607592092099	0.0322257061289589	0.0110309584742023	0.0123550293286731
Two_217	0.143458371934693	0.214071502955785	-1.2572672562958	3.88100369315532	0.278997388386273	0.143458371934693	0.214071502955785	0.359289925379833
Two_218	0.389851618021832	0.438774114825208	-1.34023950788974	2.77886510642888	0.279207231168665	0.389851618021832	0.438774114825208	0.359289925379833
Two_219	0.44951810758852	0.447595471510621	0.0839736025857873	3.99928947448895	0.937112831790118	0.44951810758852	0.447595471510621	0.952412633125466
Two_22	0.172718772602368	0.0751171486927164	11.7840952941497	3.60537183442905	0.000523353155515294	0.172718772602368	0.0751171486927164	0.00372328387780881
Two_220	0.023959784485921	0.0124588424430002	4.64881417732732	3.94489583260627	0.00999625967967654	0.023959784485921	0.0124588424430002	0.0227312206414562
Two_221	0.347260846398341	0.17961698680875	17.6937743688408	3.74784187135848	9.48382986341831e-05	0.347260846398341	0.17961698680875	0.0019678946966593
Two_222	0.352468713264289	0.210324021006343	6.67389470524021	3.39982419849369	0.00458197868213167	0.352468713264289	0.210324021006343	0.0126067700756993
Two_223	0.0212815905975849	0.0067228137511679	6.9913612775529	2.33184751554829	0.0129980334216881	0.0212815905975849	0.0067228137511679	0.0276624813846182
Two_224	0.460542073581459	0.478060854246428	-1.28875310819651	2.26500455427615	0.313377503427906	0.460542073581459	0.478060854246428	0.396096438342886
Two_225	0.0091630074098481	0.00411247596047775	5.72546975010046	2.03641607797926	0.0279968860575225	0.0091630074098481	0.00411247596047775	0.0512590046200229
Two_226	0.249131712089501	0.121350918365217	15.7599061918081	3.10284740814633	0.000459186348002023	0.249131712089501	0.121350918365217	0.00336286472507364
Two_227	0.197615565834211	0.0920985062533152	4.91169370614975	3.96851262159105	0.00813968758318234	0.197615565834211	0.0920985062533152	0.0197734849581698
Two_228	0.35260479230078	0.221915234234635	4.52950316089291	3.99077093856625	0.0106381805747917	0.35260479230078	0.221915234234635	0.0238952651332642
Two_229	0.407435488065671	0.224949344376579	11.5270759619411	3.04796967839254	0.00130130703085249	0.407435488065671	0.224949344376579	0.00605635887150459
Two_23	0.122253854206388	0.0572387347722048	2.4566500884152	3.77113062369857	0.073777215585788	0.122253854206388	0.0572387347722048	0.115175715867468
Two_230	0.209588786428188	0.0854950295731273	7.66232286826872	2.24779156320465	0.0118177290879712	0.209588786428188	0.0854950295731273	0.0256003879029177
Two_231	0.173209269588021	0.052745554405814	18.7137821823046	2.06206200348042	0.00246956487449142	0.173209269588021	0.052745554405814	0.00882477289299459
Two_232	0.332668097277478	0.222705846133595	8.09997206250075	3.99574443728308	0.00126849395737342	0.332668097277478	0.222705846133595	0.00601628562639966
Two_233	0.415093122173559	0.262299378390251	5.86596760337602	2.42264195437543	0.0174738074876797	0.415093122173559	0.262299378390251	0.0343950835132983
Two_234	0.178532454372849	0.066832050492207	11.6936591274117	3.75524638881304	0.00043281130444419	0.178532454372849	0.066832050492207	0.00333535012049503
Two_235	0.341279317028348	0.200216950062673	16.4227887444023	2.48230352667909	0.00135182548354185	0.341279317028348	0.200216950062673	0.00615457317906624
Two_236	0.0623806177771152	0.0282004271078902	22.8376961723798	3.84770684030234	2.98175833876809e-05	0.0623806177771152	0.0282004271078902	0.00146388542082546
Two_237	0.176100853164502	0.0623958228781019	7.94177836025772	2.12488269492272	0.0129625268699019	0.176100853164502	0.0623958228781019	0.0276624813846182
Two_238	0.23308630311717	0.160332002962605	2.45872040002022	3.42827165206536	0.0803508068166624	0.23308630311717	0.160332002962605	0.123273528037117
Two_239	0.11657067038539	0.164620952142188	-2.33776667671683	3.87212046560275	0.0817337833460113	0.11657067038539	0.164620952142188	0.124475303077412
Two_24	0.0366581254752851	0.0435317018371032	-0.570444673761598	3.09280513909023	0.607194608637377	0.0366581254752851	0.0435317018371032	0.671962033558697
Two_240	0.356467929705325	0.21037829767752	7.40658989014929	3.23879441886051	0.00389956519770719	0.356467929705325	0.21037829767752	0.011491026440581
Two_241	0.296627613694556	0.106579965303327	26.2490920234799	2.00128667371049	0.00144332857891118	0.296627613694556	0.106579965303327	0.0063608640026351
Two_242	0.346280982666921	0.178579660821482	16.1863455741518	3.59709944827473	0.000172134399245723	0.346280982666921	0.178579660821482	0.00238119252289917
Two_243	0.255207284104163	0.0963664965483609	11.5021262426723	3.90846051434555	0.000370515476409324	0.255207284104163	0.0963664965483609	0.00323713521494462
Two_244	0.362538820826902	0.232707626591932	4.96425038101111	2.90397897130252	0.0169482512175544	0.362538820826902	0.232707626591932	0.0337609164253685
Two_245	0.336158618622601	0.200537112624565	6.906264217636	3.33802665426692	0.0043701172878607	0.336158618622601	0.200537112624565	0.0123550293286731
Two_246	0.24840023694654	0.090603547550051	12.3877683363405	3.69821668529633	0.000381324770727578	0.24840023694654	0.090603547550051	0.00327413337624714
Two_247	0.133680775571045	0.127375684534308	0.267822861633135	3.37854722105317	0.804370093243392	0.133680775571045	0.127375684534308	0.848678615328833
Two_248	0.039493445170452	0.0288971341781975	1.69759522589388	3.80407264654387	0.168490112557975	0.039493445170452	0.0288971341781975	0.233077989038533
Two_249	0.268754475200532	0.152906487096639	4.18629356793721	3.19847147495063	0.0218869482935438	0.268754475200532	0.152906487096639	0.0419219240391724
Two_25	0.079106818237253	0.124369429964688	-0.611117258164209	2.52242381344069	0.591718083506677	0.079106818237253	0.124369429964688	0.656293108210078
Two_26	0.0596984463937377	0.0312313056871186	4.81416808689953	2.45587267327926	0.0265971475633119	0.0596984463937377	0.0312313056871186	0.0490569610612197
Two_27	0.0310395964880622	0.0472687121376049	-1.09753232995427	3.99832846046911	0.334064673180578	0.0310395964880622	0.0472687121376049	0.413841311552059
Two_28	0.00919783770065525	0.00656876874460423	1.80790384329738	3.61928554739109	0.152394785332667	0.00919783770065525	0.00656876874460423	0.211990511440414
Two_29	0.340368455862029	0.240846196714455	4.75023146679394	3.47752207139141	0.012575953470148	0.340368455862029	0.240846196714455	0.0271117957927866
Two_3	0.0965310092794947	0.0598643098051408	3.27302584849682	3.16721099254458	0.0431603785995971	0.0965310092794947	0.0598643098051408	0.073898070446141
Two_30	0.358672895561037	0.291227193160735	1.680562732074	3.22163720975969	0.185132562531005	0.358672895561037	0.291227193160735	0.253983515538404
Two_31	0.047182265692483	0.0435867173276484	0.360846814640357	3.61627337315403	0.738291392689319	0.047182265692483	0.0435867173276484	0.792390330946726
Two_32	0.210145629899944	0.149248173634797	3.25485902110966	3.95486839414008	0.0317519785447162	0.210145629899944	0.149248173634797	0.0568794435801032
Two_33	0.259479732010265	0.155068845489443	5.02273281709685	3.66078592799982	0.00927776237263989	0.259479732010265	0.155068845489443	0.021691669772651
Two_34	0.416968525197034	0.197440039276812	39.1895717728116	2.31984815147486	0.000251791814570995	0.416968525197034	0.197440039276812	0.00278649608125234
Two_35	0.223808354420187	0.144427769832243	8.03509942792785	3.32473665438134	0.00274073691714889	0.223808354420187	0.144427769832243	0.00905854604853077
Two_36	0.265298615771904	0.18267501436294	5.21544827048173	3.74783578930857	0.00769658891575694	0.265298615771904	0.18267501436294	0.0188812870938274
Two_37	0.296270412045598	0.108579010841206	15.9431013312558	2.24243908021648	0.00235925937284131	0.296270412045598	0.108579010841206	0.00863905270349243
Two_38	0.00796186360110009	0.00697664735583386	0.42149111437637	3.44173451772098	0.698361979728215	0.00796186360110009	0.00697664735583386	0.759354292368234
Two_39	0.0668557022252935	0.049789737314384	3.15130954700299	2.5204492672595	0.0647863926895824	0.0668557022252935	0.049789737314384	0.10340904986991
Two_4	0.0114419215102251	0.00406949485748907	3.7143586489831	2.14576197550244	0.0586919840797102	0.0114419215102251	0.00406949485748907	0.0952071924159469
Two_40	0.00483895097630154	0.00102004243544751	3.12013670591507	2.02557465265847	0.087769465936563	0.00483895097630154	0.00102004243544751	0.133259737915879
Two_41	0.0197676767480293	0.0176684013731826	0.329297310750575	3.98065262652922	0.758528304813285	0.0197676767480293	0.0176684013731826	0.810616085401322
Two_42	0.243522319489612	0.228412598834911	0.262645626325874	2.94772768344999	0.81010743041184	0.243522319489612	0.228412598834911	0.851125528154211
Two_43	0.484396680851403	0.491459727171757	-1.03608902854833	2.93738064626529	0.377811175858956	0.484396680851403	0.491459727171757	0.461151876416078
Two_44	0.0431357734894185	0.0388500458498868	0.641344727697829	3.22202248101834	0.564022023744639	0.0431357734894185	0.0388500458498868	0.631702190384718
Two_45	0.286252156646143	0.28339395750554	0.654857845111481	3.38683743065752	0.554331465099497	0.286252156646143	0.28339395750554	0.627402430953521
Two_46	0.0353372311218166	0.0136943722755511	7.41912707933851	3.00191566814906	0.00505550888890827	0.0353372311218166	0.0136943722755511	0.0135657002036067
Two_47	0.105320966432141	0.0311884185179417	13.7876506597149	3.98793568167233	0.000163411790153989	0.105320966432141	0.0311884185179417	0.00232511632847676
Two_48	0.418458212552497	0.117497655154222	27.6224485698801	3.20963417489759	6.30755502332788e-05	0.418458212552497	0.117497655154222	0.00167395493868689
Two_49	0.364603699833381	0.24187391672155	5.64355045643952	3.25744110316722	0.00878863324636611	0.364603699833381	0.24187391672155	0.0210420161379342
Two_5	0.23611253765969	0.158809338202567	4.27191581518263	2.85638901018522	0.0259696193888144	0.23611253765969	0.158809338202567	0.0480775853369129
Two_50	0.408801068395223	0.204573615499179	6.87911291750764	2.30388043730752	0.0139476967100554	0.408801068395223	0.204573615499179	0.0291846763092756
Two_51	0.319067500583758	0.380586164268329	-0.972443472015181	3.75433666422998	0.389232269225262	0.319067500583758	0.380586164268329	0.470911699097561
Two_52	0.496003701770173	0.497044601589673	-1.45680597515146	3.93731208207014	0.219986562292298	0.496003701770173	0.497044601589673	0.296892433662777
Two_53	0.346404481375132	0.346436754541604	-0.000746953660859446	2.59619444159233	0.999457608579909	0.346404481375132	0.346436754541604	0.999759161068053
Two_54	0.328963819858826	0.239515789081006	2.03586732118953	3.98545448650501	0.111722035310867	0.328963819858826	0.239515789081006	0.16268296369828
Two_55	0.367516207576312	0.222632909531033	7.11303251277105	2.9847465785029	0.00581493948330992	0.367516207576312	0.222632909531033	0.0149761100754303
Two_56	0.359776447503409	0.252944914440976	4.40913738853284	3.0648373754046	0.020696839703207	0.359776447503409	0.252944914440976	0.0401051602031014
Two_57	0.356094539231568	0.162937854627011	21.1596569691807	2.92332841408219	0.000272441761990853	0.356094539231568	0.162937854627011	0.0028265832806551
Two_58	0.15140451683539	0.0791213957805242	2.71367777045526	3.97973855596846	0.053626636069124	0.15140451683539	0.0791213957805242	0.0887244676492483
Two_59	0.0631700507283757	0.0445907711305208	6.01900655113074	3.98764073560681	0.00387607679383358	0.0631700507283757	0.0445907711305208	0.0114897990674353
Two_6	0.278855966645301	0.11303258388831	7.65542921877034	3.166331862964	0.00382114230222874	0.278855966645301	0.11303258388831	0.0114147741943816
Two_60	0.354247587025072	0.262210201322307	2.708173712363	2.89039911296095	0.0763127090253081	0.354247587025072	0.262210201322307	0.118761653420636
Two_61	0.212726913785339	0.0766396451995108	18.329868527345	2.99605241491676	0.000357108661985612	0.212726913785339	0.0766396451995108	0.00317571631551491
Two_62	0.340354730770107	0.233662650458304	3.85219860880397	3.31265328622229	0.0258575518342957	0.340354730770107	0.233662650458304	0.048048734378654
Two_63	0.0763630116694092	0.0624700638194231	0.784953948566041	3.68722161495971	0.479833152916	0.0763630116694092	0.0624700638194231	0.55442438550387
Two_64	0.11349161036672	0.0533646583594622	21.532990711585	3.61928363523915	5.94268247047114e-05	0.11349161036672	0.0533646583594622	0.00167395493868689
Two_65	0.0985211910591817	0.0416234030085307	21.9813562508638	3.79773981624889	3.82138764472508e-05	0.0985211910591817	0.0416234030085307	0.00146388542082546
Two_66	0.13503391667133	0.0868867269415134	2.619385691204	2.67421669431582	0.0890419798774891	0.13503391667133	0.0868867269415134	0.134013451586205
Two_67	0.360704722348995	0.221431371132197	5.21922219338624	2.77929812249576	0.0165051929209034	0.360704722348995	0.221431371132197	0.0331434922363303
Two_68	0.3361524405424	0.206782691627792	7.68138763965802	3.96070349537759	0.00160761482713146	0.3361524405424	0.206782691627792	0.00667160153259556
Two_69	0.269202256291384	0.124814162261967	12.6715833459405	3.19782892778323	0.000768338675411914	0.269202256291384	0.124814162261967	0.00439807655580613
Two_7	0.363045043638117	0.39835014194875	-0.814256773085002	2.31253333904243	0.49083496500991	0.363045043638117	0.39835014194875	0.565823640219758
Two_70	0.382662351118953	0.233513787832015	6.96095460255044	2.93788773669763	0.00650811096929704	0.382662351118953	0.233513787832015	0.0163688851652016
Two_71	0.351728820004001	0.166363668232275	18.4493423540602	3.13366093362256	0.000265980445942653	0.351728820004001	0.166363668232275	0.00281826089530726
Two_72	0.346474361793621	0.229401541113202	3.50763848381491	3.02818669534558	0.0386892565717096	0.346474361793621	0.229401541113202	0.0673680061982916
Two_73	0.483734946694735	0.488331743573098	-1.22506545715	2.47161450548627	0.324402258424482	0.483734946694735	0.488331743573098	0.405910363556261
Two_74	0.354971601140633	0.346340921992066	5.4388283296782	3.3622649417251	0.00901622754414036	0.354971601140633	0.346340921992066	0.021325232748479
Two_75	0.215197379101107	0.237912254867234	-0.474781024148818	2.62945251698623	0.671544475296738	0.215197379101107	0.237912254867234	0.735009118017089
Two_76	0.451642549724368	0.469853758902368	-0.831110400928375	3.28085625699044	0.462079666856452	0.451642549724368	0.469853758902368	0.541448644928266
Two_77	0.34214890971848	0.265778544393765	7.29730978155601	3.79614905325352	0.00229020506012423	0.34214890971848	0.265778544393765	0.0085753542852772
Two_78	0.0233451748662661	0.0211562003707813	0.292844465651922	3.55956459896887	0.78590457034913	0.0233451748662661	0.0211562003707813	0.835473361867307
Two_79	0.247721868966504	0.168915556215628	2.93053695621561	3.20366687599155	0.0562425328014855	0.247721868966504	0.168915556215628	0.0921341491287492
Two_8	0.345889192186363	0.158457393688522	22.9659334240981	2.96720119561078	0.000194567963693583	0.345889192186363	0.158457393688522	0.00239225984581716
Two_80	0.492867625387606	0.493349504388934	-0.297270913157824	2.81675216961955	0.786821298626039	0.492867625387606	0.493349504388934	0.835473361867307
Two_81	0.0631631940397304	0.0444735216489528	3.79266891539151	2.99909049675884	0.0321815661967285	0.0631631940397304	0.0444735216489528	0.0574423654694293
Two_82	0.38545268438647	0.404382726817119	-2.30201939722173	2.07282426633685	0.143495542560453	0.38545268438647	0.404382726817119	0.201297972380579
Two_83	0.311978161364707	0.323203165228127	-0.992520126391227	2.11386759541099	0.420680790645684	0.311978161364707	0.323203165228127	0.498807223194168
Two_84	0.496289621141331	0.497547908075932	-1.16120499034594	2.92854637291756	0.331398660973563	0.496289621141331	0.497547908075932	0.413625396403094
Two_85	0.116927432546533	0.0605310349213483	2.83114182032771	3.32448762784035	0.0586547951469739	0.116927432546533	0.0605310349213483	0.0952071924159469
Two_86	0.279315290780477	0.160745641745369	9.38221184155131	3.98298886469938	0.000733784922585802	0.279315290780477	0.160745641745369	0.00429911636997329
Two_87	0.405073385239912	0.330797612128004	6.40186875986216	3.33139676669466	0.00558303317484442	0.405073385239912	0.330797612128004	0.0146334237951185
Two_88	0.3739319793766	0.194493711277159	5.52361856038342	2.28951160064025	0.0229479594994745	0.3739319793766	0.194493711277159	0.0436186405753371
Two_89	0.398480782774671	0.17569906680687	29.2967644529731	2.01780670881056	0.00110801052495267	0.398480782774671	0.17569906680687	0.00547134401352135
Two_9	0.354289042162344	0.212724200672522	6.5360010214646	3.0589112751778	0.00685470518376716	0.354289042162344	0.212724200672522	0.0169832994105276
Two_90	0.383721834243587	0.193186948592251	26.614947567867	3.64362098175583	2.62282993298754e-05	0.383721834243587	0.193186948592251	0.00146388542082546
Two_91	0.270797479636199	0.176524498801641	2.60742003468868	2.32195006732358	0.103922890006906	0.270797479636199	0.176524498801641	0.153117157465797
Two_92	0.0524539902403819	0.00828029022056446	9.259782333787	3.03759612836518	0.00253402990960585	0.0524539902403819	0.00828029022056446	0.00882477289299459
Two_93	0.0699407915873319	0.013357821809394	21.074043301712	2.16990512263329	0.00149976406827192	0.0699407915873319	0.013357821809394	0.00648084337243999
Two_94	0.139762584726798	0.0596857275541213	7.11347311427688	2.37707721318304	0.0118183222924237	0.139762584726798	0.0596857275541213	0.0256003879029177
Two_95	0.0168262577248923	0.00453127353263403	15.5367301981903	2.15649823618552	0.00297679942912754	0.0168262577248923	0.00453127353263403	0.00955305917482618
Two_96	0.0418912602629086	0.0142045767098287	2.8339439904253	2.22260192068598	0.0933669202115136	0.0418912602629086	0.0142045767098287	0.13921175528543
Two_97	0.233870712182964	0.113859707277383	7.71561569704692	3.93299911980065	0.00162650666043249	0.233870712182964	0.113859707277383	0.00669421749500316
Two_98	0.0763161421481189	0.0444872258955743	2.92503764655051	3.552782283513	0.0497630256129446	0.0763161421481189	0.0444872258955743	0.0831610293800215
Two_99	0.358527395215736	0.186429929491215	13.3402799340266	3.95040738733542	0.000196953119836352	0.358527395215736	0.186429929491215	0.00239225984581716
