sample	mean_C3SS_ratio	delta_C3SS_ratio	t_statistic	df	p_value	p_adj
One_205	0.0311515660482114	0	NA	NA	NA	NA
One_1	0.203437362876534	0.172285796828322	10.5367597515016	2.08696611652463	0.00766418756722233	0.0154768758571566
One_10	0.155953674774871	0.124802108726659	6.78314126804772	2.06838325704878	0.0192792141434843	0.0272492875077328
One_100	0.0680899719420076	0.0369384058937963	13.9321045876919	2.89100786318644	0.00096878311689821	0.00430067798741474
One_101	0.122760117790832	0.0916085517426204	29.1661129075038	3.90750803090881	1.01779096596756e-05	0.000168203252250603
One_102	0.196797661579959	0.165646095531747	7.11537096742368	2.04244863129485	0.0181291999838228	0.0259660299480114
One_103	0.201286852921984	0.170135286873773	15.8772501706266	2.20804426333188	0.00255508528023852	0.00814023964281119
One_104	0.0748097831367028	0.0436582170884914	12.3341884315211	3.96683290223439	0.000260532662813297	0.00164151208346613
One_105	0.0040857213201247	-0.0270658447280867	-11.2369985110295	2.07722380202156	0.00682860504628128	0.0150168880885035
One_106	0.141578628869453	0.110427062821242	4.91963130484751	2.04569684898745	0.0371880813372791	0.0459763095139993
One_107	0.0890713500595848	0.0579197840113734	22.773375219346	2.53596066146119	0.000532087425470723	0.00272626237586546
One_108	0.149126708924552	0.11797514287634	16.8705567707118	2.5178944152341	0.00117660675181612	0.00495570809875096
One_109	0.113795864050539	0.0826442980023279	33.8968239932765	2.1773080710399	0.000524977395340277	0.00271785172379289
One_11	0.411035995047739	0.379884428999528	14.9276127728373	2.03546272747805	0.00414489196084938	0.0113650070513221
One_110	0.162356546148597	0.131204980100385	36.0803143250074	3.92397227562307	4.26336146033676e-06	8.1495794068745e-05
One_111	0.212525017880304	0.181373451832092	17.3030443800549	2.21787053075762	0.00207165143096438	0.00710076387027103
One_112	0.0208302657912151	-0.0103213002569963	-3.91273915442924	2.84824387961293	0.0325743837972599	0.0415114583262518
One_113	0.169126922137659	0.137975356089448	39.5782950548333	3.98400983679178	2.53817338793043e-06	6.69115890579511e-05
One_114	0.245909746773534	0.214758180725323	9.95675754242734	2.04953482864697	0.00915558083050273	0.0164866799737676
One_115	0.251685200399388	0.220533634351177	8.68450328802129	2.03561647628411	0.0123141902147287	0.0198706251192214
One_116	0.163731835201898	0.132580269153686	9.25136725299401	2.113920510175	0.00959953941605713	0.0168561941591609
One_117	0.0201910370799574	-0.0109605289682539	-2.83598418659487	3.78573322926138	0.0501732011053573	0.0596556960511067
One_118	0.407090697114498	0.375939131066287	20.5446205865468	2.06914675487945	0.00200507387933578	0.00696868334286632
One_119	0.171160763473297	0.140009197425085	8.6885363864022	2.08959463507622	0.0113394061046491	0.0186612080596377
One_12	0.081886721401475	0.0507351553532636	2.84237397849399	2.07273175398028	0.100549461290757	0.112551987075464
One_120	0.393107846001682	0.36195627995347	14.9582598003989	2.03925953327922	0.0040957807423272	0.0113650070513221
One_121	0.329049364509353	0.297897798461141	9.38647575129168	2.02273068100638	0.0107616111557778	0.0180678209431844
One_122	0.202187952651777	0.171036386603566	17.8505696675618	2.26322323347713	0.00175346621808057	0.006455353410267
One_123	0.233417907897054	0.202266341848842	6.42307159500128	2.02308971178834	0.0227310114533292	0.0310365733305072
One_124	0.127265760317603	0.0961141942693921	32.444265711797	3.67561013294032	1.18138918426478e-05	0.000178482559298404
One_125	0.136687455313418	0.105535889265207	41.8994273424226	2.45275624122362	0.000145313239924065	0.00109425273094334
One_126	0.0584114060768638	0.0272598400286525	11.3880889304265	2.02689094622018	0.00726502211734257	0.0153715612575637
One_127	0.145356698366173	0.114205132317962	8.15434340285195	2.1194268645191	0.0123679391274673	0.0198927694056674
One_128	0.0416185358725763	0.010466969824365	3.97449685223055	2.83434205407422	0.0316067593656081	0.0405905927770212
One_129	0.32105071731663	0.289899151268418	14.6450494720889	2.05894443832058	0.00410823058971739	0.0113650070513221
One_13	0.377040238417085	0.345888672368873	11.1565466157986	2.02382569784161	0.00761119698125499	0.0154768758571566
One_130	0.0769393304726109	0.0457877644243996	18.6232928149821	2.247306787533	0.00165068001779661	0.00621506037003724
One_131	0.160887129474764	0.129735563426552	13.9562925544239	2.28064264510892	0.00294888646153644	0.00910308429430813
One_132	0.0983710251218522	0.0672194590736408	8.0218204854068	2.35010334446515	0.00929344118007379	0.0165955218605691
One_133	0.262386529802852	0.231234963754641	13.9361060918364	2.08440141161644	0.00432456226833577	0.0115554163836714
One_134	0.139130700351198	0.107979134302987	20.147009960811	2.93153442476036	0.000308786593478209	0.00187154801169109
One_135	0.157641784658908	0.126490218610696	52.064553627104	2.14794922667402	0.000227065778499245	0.00150812695072062
One_136	0.192621394615331	0.161469828567119	9.72734829246603	2.08432814079842	0.00907115320163369	0.0163940477862252
One_137	0.0390266180292989	0.00787505198108756	2.05477782966918	3.80721706171499	0.112631608055815	0.125511007183274
One_138	0.140033320761234	0.108881754713023	5.01439303331428	2.04886873084056	0.0357314170384671	0.0447317739751087
One_139	0.101413846442836	0.0702622803946249	19.8934411442431	3.96961835883118	3.99338095121736e-05	0.000354412559420541
One_14	0.0862001453587935	0.0550485793105822	1.9224455495755	2.02795855259586	0.192723324914553	0.204229195058706
One_140	0.236561083540949	0.205409517492738	3.56813440475158	2.00688147276794	0.0700022904407889	0.0809096240676094
One_141	0.00392332531370845	-0.0272282407345029	-11.3731556298432	2.02811761756376	0.00726824325055828	0.0153715612575637
One_142	0.131457834293567	0.100306268245356	5.38792841725625	2.06676555494457	0.0304955835600553	0.0394695443472591
One_143	0.0557383763105734	0.024586810262362	6.31981308734554	3.76839418110515	0.00391268876286475	0.0111120360865359
One_144	0.161425301319844	0.130273735271632	9.78236164059237	2.13248225250413	0.00829753918105747	0.015766504303571
One_145	0.477923565748409	0.446771999700198	58.9409945997151	2.43455338213319	6.68534974385689e-05	0.000553769803782813
One_146	0.195898566024967	0.164746999976756	7.41123077055873	2.04660288945828	0.0166263489462292	0.0240912403098423
One_147	0.479318977038554	0.448167410990343	71.4609728138314	2.6579310314925	1.93037955773173e-05	0.000218045145498334
One_148	0.166705049807339	0.135553483759127	6.6044227964203	2.05477337428336	0.0206858846101879	0.0287979962220262
One_149	0.409557373828176	0.378405807779965	23.4561663112842	2.08938803670686	0.00145083812471477	0.00563333240611908
One_15	0.147543125420902	0.116391559372691	29.7177895631843	3.75051912344985	1.36586010965092e-05	0.000178640124867502
One_150	0.190816054401225	0.159664488353014	8.24522319902622	2.06163427555227	0.0131457573208183	0.0206650490564616
One_151	0.261088669755653	0.229937103707442	6.08338871606091	2.0159990649971	0.0254826407579721	0.0343238047004922
One_152	0.189366187064645	0.158214621016433	10.2192014749104	2.09723341579826	0.00802435051353188	0.0154768758571566
One_153	0.134836995976135	0.103685429927924	8.41162646050652	2.15543292123281	0.0110042193818251	0.0182912944239701
One_154	0.00862988988254345	-0.0225216761656679	-8.54215643417312	2.84396114975496	0.00411972843276871	0.0113650070513221
One_155	0.0991211918832105	0.0679696258349992	2.46862046809797	2.03025671932946	0.130444400219261	0.143065549292963
One_156	0.165568544933254	0.134416978885043	51.686153970134	2.72739685566392	3.67911205379457e-05	0.000341183530873118
One_157	0.0637095513602275	0.0325579853120161	5.39997597916286	2.71779443998345	0.0159837906679137	0.0236931928522151
One_158	0.126168789002178	0.0950172229539667	18.4511367892023	3.01713763091827	0.000335625147024248	0.001997251880186
One_159	0.129961703556661	0.0988101375084497	5.12704201116738	2.06223389943225	0.0337631889147896	0.0428248624979739
One_16	0.0496759932966536	0.0185244272484422	5.7570850124831	3.96081612473912	0.00465315486267517	0.0122360738981458
One_160	0.0696675702003047	0.0385160041520934	5.71392764034273	2.56129163752569	0.0161337812575435	0.0236931928522151
One_161	0.143675931153208	0.112524365104996	2.65778062294708	2.01274138960712	0.116427819795277	0.129451065857389
One_162	0.126636276565324	0.0954847105171125	3.50809169306193	2.03096652406123	0.0709354082546518	0.0817979069665011
One_163	0.469876661870367	0.438725095822155	47.1988681644959	2.2806811192122	0.000184845720275047	0.00127594893023192
One_164	0.0274859319910109	-0.00366563405720047	-1.53307020978525	2.0179005161398	0.263908493590856	0.273825722995105
One_165	0.108506665077378	0.0773550990291671	7.14161146191005	2.20341297034339	0.0145816156100418	0.0222986552559717
One_166	0.120443621929501	0.0892920558812898	13.0310600776738	2.54145456592534	0.00214938579244311	0.00726697101254575
One_167	0.0104745197936723	-0.020677046254539	-7.8243626812624	2.8635005231674	0.00512176985837478	0.0130539467672424
One_168	0.239627134240885	0.208475568192673	7.23222511589864	2.02758625657589	0.0179071447584766	0.0257966694056894
One_169	0.21358024691358	0.182428680865369	5.7024333387807	2.02236853019953	0.0286676111668085	0.037893092419957
One_17	0.0246695295610435	-0.00648203648716785	-1.64967386096304	3.74175622659468	0.179248748115411	0.191584145835181
One_170	0.0390205456954371	0.00786897964722574	1.78902876803969	3.42048245008742	0.160146751841032	0.172279081525958
One_171	0.492884953708851	0.46173338766064	150.179268470145	3.83987045733759	2.21633807425854e-08	4.1080949572356e-06
One_172	0.456673868420492	0.42552230237228	74.2986236773542	2.80435208728402	1.04915509452087e-05	0.000168203252250603
One_173	0.00308230307777303	-0.0280692629704383	-11.7052918167743	2.04130983770151	0.00669893985270216	0.0149820630857628
One_174	0.02859233696446	-0.00255922908375134	-0.920069368693947	3.27310677245413	0.420208227727012	0.428836733429826
One_175	0.4112031895057	0.380051623457488	11.2160639491474	2.01992682421909	0.00758279543338964	0.0154768758571566
One_176	0.0720567351789367	0.0409051691307253	16.4956270329208	2.31952720563447	0.00186392585070528	0.00666454063165844
One_177	0.362134257031203	0.330982690982991	23.2054292619445	2.11503432079377	0.00139290011364334	0.00553817085184594
One_178	0.151763170691706	0.120611604643495	16.9774457714807	2.50034068242664	0.00120042021356131	0.00501351971546196
One_179	0.00914823726335532	-0.022003328784856	-9.16040175425938	2.05482134781694	0.01074144049692	0.0180678209431844
One_18	0.173899667561794	0.142748101513583	9.37742331597915	2.10065752332508	0.00953007611934503	0.0168025043103624
One_180	0.494697576747025	0.463546010698814	190.383207318094	2.16604142069351	1.29181887591015e-05	0.000178482559298404
One_181	0.0529029391856405	0.0217513731374292	2.3644648624074	2.28692766856792	0.125884236619865	0.13903214577794
One_182	0.00662818367723036	-0.024523382370981	-9.81251841836365	2.38593786754732	0.00553541453441533	0.0137372710437857
One_183	0.0347196379920838	0.00356807194387248	1.27616040051938	3.31104105161097	0.284057798894338	0.294118179271846
One_184	0.00208515982763561	-0.0290664062205758	-12.1294818926583	2.03573799117027	0.00629853647047034	0.01455987267825
One_185	0.214516483438668	0.183364917390456	5.48834140498846	2.02049997616567	0.0309277696160931	0.0398215064746069
One_186	0.157081219477502	0.125929653429291	2.65329876750859	2.01013227832321	0.116913235246022	0.129700620351055
One_187	0.290622871138074	0.259471305089862	30.0877152220873	2.32923014320897	0.000452987015161172	0.00244711463625111
One_188	0.0560475873427818	0.0248960212945705	6.23814608828389	3.69889746389059	0.00434924819105675	0.0115592318232899
One_189	0.0898182757048048	0.0586667096565934	7.53620874987509	2.41021289016974	0.00991783049198158	0.0171151449809543
One_19	0.0546087151797599	0.0234571491315485	6.2608685789176	3.86194588908583	0.00373053420471737	0.0107795087194449
One_190	0.0494900921807601	0.0183385261325488	7.66542727024701	2.02236188103203	0.0160822396675059	0.0236931928522151
One_191	0.164128273678811	0.1329767076306	10.6733228319521	2.15203309040491	0.00668559231646102	0.0149820630857628
One_192	0.212903063663645	0.181751497615433	22.6333600196845	2.38363314523047	0.000771666231861124	0.00361809544561301
One_193	0.262041111313972	0.23088954526576	6.51827396562821	2.01822707917257	0.0222221017854853	0.0305093496889121
One_194	0.214993442234761	0.183841876186549	6.98939369429312	2.03317742767453	0.0190122928914119	0.0269974559058049
One_195	0.216894880933115	0.185743314884904	5.68840690212375	2.0214665296137	0.0288336806895867	0.0380115100868027
One_196	0.257473722484133	0.226322156435921	19.2782685693715	2.17198380066851	0.001809576088104	0.00661293614549771
One_197	0.297413078088721	0.266261512040509	11.0034645036745	2.03925882084054	0.00761607060203386	0.0154768758571566
One_198	0.309392792354909	0.278241226306698	13.2981166774702	2.05267931168791	0.00506389159395325	0.0129729593927565
One_199	0.0972960843516763	0.0661445183034649	4.15031283159424	2.09163960466797	0.0494617697629347	0.059234938728141
One_2	0.19510789899989	0.163956332951679	16.0615140602871	2.23033384854692	0.00237924455073429	0.00780186278877469
One_20	0.0195777662179059	-0.0115737998303055	-2.85603170569803	3.65582130096286	0.0512742592190484	0.0608193480474154
One_200	0.460620670879826	0.429469104831614	39.9151601834923	2.20627263080082	0.000337563698059606	0.001997251880186
One_201	0.492035728161657	0.460884162113445	116.735832351697	3.72873936281475	8.80479463847645e-08	6.25140419331828e-06
One_202	0.170694430579012	0.1395428645308	4.2627723942288	2.02135818579375	0.0499256631187718	0.0595442610095326
One_203	0.366024668114949	0.334873102066738	9.85781895265928	2.01982588892201	0.00980856071293223	0.0171047532432538
One_204	0.384708768327583	0.353557202279372	24.1542299153798	2.10907655816204	0.00129921610056692	0.00529270821296522
One_206	0.182572039812955	0.151420473764744	4.13250295782033	2.01702900102453	0.0530931516651342	0.0626776636046833
One_207	0.0886255524984241	0.0574739864502128	23.8340951459336	2.08663711890977	0.00141297468382445	0.00557340014175199
One_208	0.431159221477694	0.400007655429482	13.3458231857787	2.02550302159815	0.00529849218535184	0.0133672620107607
One_209	0.0480917471453489	0.0169401810971375	3.07458245745597	2.87633711447974	0.0574587398159302	0.0673514002087673
One_21	0.202798663324979	0.171647097276768	3.18059310737184	2.00783224150822	0.085819839444856	0.0978267435873702
One_210	0.336469452426346	0.305317886378134	9.59828523448147	2.02262630188289	0.0102960882136517	0.0175847279800168
One_211	0.083987300978814	0.0528357349306026	13.7041623388447	3.79200671247637	0.000227584549907539	0.00150812695072062
One_212	0.00623420648820179	-0.0249173595600096	-10.4049659299718	2.03039505954593	0.00865217334761474	0.015985613954515
One_213	0.0253685522660486	-0.00578301378216281	-1.60114486717742	3.93611880779236	0.185748065190315	0.198104696136452
One_214	0.0218078904820726	-0.00934367556613881	-1.71460495459483	2.89792387146889	0.188138483541979	0.199796637436675
One_215	0.171424460447571	0.140272894399359	18.4353682280151	2.43098393317708	0.00113419261671375	0.0048178951325362
One_216	0.491039324527586	0.459887758479375	125.246391839783	3.90531330956232	3.47767587977794e-08	4.32101228062409e-06
One_217	0.145298635031599	0.114147068983387	41.0726968857766	3.26664771453686	1.51285729562313e-05	0.000183704548870031
One_218	0.424987288815258	0.393835722767047	41.786657042477	2.2725634358414	0.000249978879677555	0.00161350004155513
One_219	0.495419065478388	0.464267499430176	166.544383483385	3.28928343697195	1.42554208198688e-07	7.96141476983155e-06
One_22	0.172911906182523	0.141760340134312	12.4491676709406	2.18325070084258	0.00455263939373164	0.0120354349930033
One_220	0.00875340439203046	-0.0223981616561809	-9.16450872344205	2.19741078489176	0.00861210895882238	0.0159709632557266
One_221	0.0113759616722667	-0.0197756043759447	-7.90412719877646	2.39529340595448	0.00904967816918373	0.0163940477862252
One_222	0.0378811874115693	0.00672962136335797	0.433989065445283	2.09692140048134	0.704889941686826	0.709170649834721
One_223	0.111708188670663	0.0805566226224517	12.1678277876095	2.58393019615393	0.00237484527108695	0.00780186278877469
One_224	0.439745493691884	0.408593927643673	27.5704533272678	2.10633945691552	0.000990677490567389	0.00435722754700878
One_225	0.392168013287132	0.36101644723892	34.8144842092689	2.22285599099402	0.000435310540917231	0.00237746526193257
One_226	0.310332052771077	0.279180486722866	10.243704029189	2.03088542479746	0.00891963783616668	0.0162980147227016
One_227	0.0577075921312661	0.0265560260830548	7.07965530729209	3.85925030256827	0.00240178069755036	0.00780186278877469
One_228	0.0935688908493061	0.0624173248010947	6.15685122602446	2.23369749130296	0.0192992941704667	0.0272492875077328
One_229	0.18605791946253	0.154906353414319	10.0410589488014	2.09794152197985	0.00831151735922656	0.015766504303571
One_23	0.159899088510511	0.128747522462299	5.19410891434057	2.03739754904513	0.0337773563364301	0.0428248624979739
One_230	0.0535355308748729	0.0223839648266615	5.4256820876008	3.60461000978727	0.00750705313945228	0.0154768758571566
One_231	0.0256515419941214	-0.00550002405408994	-1.41282318917865	3.76669286482803	0.234754231543508	0.245627059109734
One_232	0.0444442415713411	0.0132926755231297	2.38901430929163	2.85750930087397	0.101135141491783	0.112953180497564
One_233	0.391125480308831	0.35997391426062	58.2136696300453	2.67875479126683	3.11171638665574e-05	0.000315616947789368
One_234	0.0152387477504656	-0.0159128182977457	-4.02864988045852	3.72747777235959	0.0181094778789002	0.0259660299480114
One_235	0.0806857963833316	0.0495342303351202	1.85899058814454	2.03232254671944	0.202104184677443	0.213714425073807
One_236	0.381274845426806	0.350123279378594	17.0555184061073	2.05475286698045	0.00303529459543809	0.0092548553002008
One_237	0.1873875928231	0.156236026774889	45.4082990524406	3.99409587846371	1.42961501570889e-06	4.73679108538211e-05
One_238	0.136309839251016	0.105158273202804	1.96481683455785	2.00796368744839	0.187871380468246	0.199796637436675
One_239	0.216780757071228	0.185629191023017	40.2585577322002	3.28990321480651	1.51547012146303e-05	0.000183704548870031
One_24	0.235495918766273	0.204344352718061	5.86627991543207	2.01885069876655	0.0272487780356892	0.0363073530395109
One_240	0.140575109204634	0.109423543156422	6.66567473948793	2.086264112774	0.019521232351358	0.0274845679281159
One_241	0.222061939719761	0.19091037367155	8.25501504432014	2.04301973525968	0.013476854535627	0.0209312397006456
One_242	0.182375911499917	0.151224345451705	8.56775048231017	2.07441190018195	0.0119362083260676	0.0193234382347088
One_243	0.199295958406995	0.168144392358784	9.09191105726228	2.06767122482202	0.0106896330493138	0.0180678209431844
One_244	0.146486878259609	0.115335312211398	9.06717587534424	2.14564301387706	0.00953381532298228	0.0168025043103624
One_245	0.320477675284743	0.289326109236532	16.6837993719863	2.07713403015841	0.00302620110115292	0.0092548553002008
One_246	0.00869751595995394	-0.0224540500882574	-6.87638549260835	3.98182072537395	0.00238270904892537	0.00780186278877469
One_247	0.307798481711525	0.276646915663314	19.6786943111328	2.1185072471538	0.00195592050119245	0.00684572175417358
One_248	0.197729837217766	0.166578271169555	22.7405055336522	2.46804061605688	0.000625689060318352	0.0030788857720616
One_249	0.167102287867788	0.135950721819576	7.73128226043544	2.07498089552043	0.0146873207476505	0.02232293092227
One_25	0.033049553661746	0.00189798761353465	0.527851111936529	3.9436298270034	0.625905186761539	0.633553722648646
One_26	0.00870038729567411	-0.0224511787525373	-6.62942254686184	3.99977603766294	0.00268638964737085	0.00845022566293236
One_27	0.1497694743826	0.118617908334388	8.01705523361175	2.10669782628676	0.0130436396922565	0.0206153039738676
One_28	0.00957857381560592	-0.0215729922326054	-3.6316440003336	2.74182079273073	0.0416525036523258	0.050863130995592
One_29	0.21192379263078	0.180772226582569	7.80767791085941	2.04292012149281	0.0150638511417955	0.0227744640005074
One_3	0.194020854496166	0.162869288447955	15.5216445827132	2.21739745360819	0.00263468045119362	0.00834035786142183
One_30	0.130090795218884	0.0989392291706722	21.9810278308593	3.35578491840233	9.58573055265952e-05	0.000756207632487585
One_31	0.0409924443392299	0.00984087829101853	2.84203550394681	3.98979082645327	0.0469107384690449	0.0565889248036779
One_32	0.211279688882213	0.180128122834001	4.82202001364238	2.01638164792926	0.0397718678643195	0.0488064650088069
One_33	0.126908129088887	0.0957565630406758	9.63385899899052	2.2436170852115	0.00719348963105837	0.0153652751561358
One_34	0.104585036004446	0.0734334699562346	7.31813661194115	2.23879307906661	0.013217278402279	0.0206650490564616
One_35	0.165159473360477	0.134007907312266	20.7510512272545	2.61677240184337	0.000562280676221007	0.00282276258668526
One_36	0.216176491848689	0.185024925800478	8.29089120329722	2.0462349699484	0.0132975163843029	0.0207174471567353
One_37	0.190988492968258	0.159836926920047	55.605449749732	3.50068036725596	2.76621986781234e-06	6.69115890579511e-05
One_38	0.115768843314236	0.0846172772660248	2.265151689388	2.01638094790721	0.150719675529678	0.163197557163944
One_39	0.00226052767876867	-0.0288910383694427	-11.7729552014458	2.23155743830761	0.00471691306971875	0.0123384515560538
One_4	0.165758632400221	0.13460706635201	31.2164520722748	3.47709488234891	2.20353797662896e-05	0.000243368527641021
One_40	0.0949513073234159	0.0637997412752045	26.7003723664828	2.01262226716944	0.00135402732800064	0.00547115107330342
One_41	0.114567868262625	0.0834163022144134	16.5357848521037	3.06405022001497	0.000426259389660837	0.00237100915170172
One_42	0.264297483213585	0.233145917165374	5.3997931262307	2.01224947230683	0.0321964599066466	0.0411353228113197
One_43	0.278377651853087	0.247226085804875	7.06584020421788	2.01868307087646	0.0189697107715483	0.0269974559058049
One_44	0.190788608046723	0.159637041998511	14.0600993443415	2.18436971760764	0.00349159524751463	0.0102077814000869
One_45	0.184622254265374	0.153470688217162	2.9603541933822	2.00848887421228	0.0971855563177262	0.109526579342199
One_46	0.428459358228066	0.397307792179855	13.9838064268183	2.02840158353411	0.00479633058099796	0.012454773707681
One_47	0.0527563309770016	0.0216047649287902	3.0856196587484	2.51647285328096	0.0678699808095974	0.0786279264857107
One_48	0.0300192683505197	-0.00113229769769166	-0.193623872546147	2.76802061395096	0.859795929117455	0.863269852063384
One_49	0.0659784850911657	0.0348269190429543	2.96645557413805	2.17196885321616	0.0881744316200494	0.100280760904267
One_5	0.0403742749819158	0.00922270893370443	3.48519718946238	2.87496060265964	0.0426422030949464	0.0519440562210499
One_50	0.250542250581172	0.219390684532961	6.42155615088165	2.01959979544752	0.0228399495130016	0.0310998764601693
One_51	0.278346360719561	0.24719479467135	14.2848385918386	2.07747077230325	0.0041660930921532	0.0113650070513221
One_52	0.0221929884385362	-0.00895857760967515	-0.918580538745733	2.25356751672572	0.445753226371074	0.453974085054147
One_53	0.213898518293427	0.182746952245215	4.63021526441177	2.0146683353601	0.0430127243629457	0.0522199511000006
One_54	0.0460192034384819	0.0148676373902706	1.62856266571635	2.29161674575063	0.229021419007953	0.240134272672895
One_55	0.220664542785115	0.189512976736903	12.5256433774289	2.10192231461061	0.00521856719034535	0.0132327953755186
One_56	0.197812734065237	0.166661168017025	9.2495619039268	2.0713528440493	0.0102635476878979	0.0175847279800168
One_57	0.06660342901283	0.0354518629646187	3.8309300240114	2.28333291462237	0.0499596717122235	0.0595442610095326
One_58	0.206462061063478	0.175310495015266	24.6138145460823	2.49755218288215	0.000479558164708955	0.00253553625383352
One_59	0.256544228816687	0.225392662768476	90.6429776231959	2.34290778402016	3.30445971267689e-05	0.00031583009176931
One_6	0.18191856600179	0.150766999953579	11.1484858665011	2.1283502461365	0.00634976590603461	0.0146103409967556
One_60	0.220533509977479	0.189381943929268	12.1002688916304	2.09509816563616	0.00567752910201315	0.013922747586395
One_61	0.121476769425545	0.0903252033773341	23.2941821257891	3.77711260997118	3.20607001521553e-05	0.00031583009176931
One_62	0.209988303200057	0.178836737151845	11.8993106645119	2.1033281108089	0.00579141228966657	0.0139574876033027
One_63	0.0681599534163792	0.0370083873681678	3.72654802959068	2.2440604059308	0.0543372745706134	0.0638430861976238
One_64	0.140379045651156	0.109227479602945	10.5212965819256	2.2223229156689	0.00613371989362326	0.0143329283839657
One_65	0.290558969947675	0.259407403899464	8.98119138699357	2.02747581947319	0.0116617586852293	0.0191174805231076
One_66	0.029063301992631	-0.00208826405558037	-0.831823994169578	2.42439102067976	0.479432984832163	0.487276469246595
One_67	0.18330169560246	0.152150129554248	20.9305154826762	2.47590573300344	0.000753686202699727	0.00356744802611204
One_68	0.0436886512171102	0.0125370851688989	5.0947690406265	2.25464230772702	0.028248609217139	0.0374388234157816
One_69	0.145817997843	0.114666431794788	43.807534574582	2.78255160938696	4.91356927175595e-05	0.000428428759309246
One_7	0.213809013542089	0.182657447493878	4.62646363030048	2.0146588963428	0.0430788328993969	0.0522199511000006
One_70	0.119170286893241	0.0880187208450298	8.62627199390937	2.23054550048586	0.00934682970649745	0.0165955218605691
One_71	0.16037545185297	0.129223885804759	20.7606443457356	2.66896254111113	0.000500482977316449	0.002618316207645
One_72	0.106999133008113	0.0758475669599021	4.80949405324385	2.09363247621308	0.037088272320171	0.0459672602072943
One_73	0.497018022656373	0.465866456608162	191.222854990401	2.17095732860768	1.25127322568309e-05	0.000178482559298404
One_74	0.144229003319912	0.113077437271701	15.516689884551	2.47332595436613	0.00158229942988085	0.00600307493626552
One_75	0.357029345611631	0.32587777956342	27.7762593956002	2.17221281895183	0.000820179674366207	0.00377434535333338
One_76	0.109069998892972	0.0779184328447603	21.6541164626822	3.94242664246253	3.01952492941108e-05	0.000312646643732772
One_77	0.145851977874154	0.114700411825943	34.8108917890377	3.99061606120405	4.15884067258088e-06	8.1495794068745e-05
One_78	0.476915882262063	0.445764316213852	183.371413541713	2.15287641614678	1.486891771681e-05	0.000183704548870031
One_79	0.228287279378469	0.197135713330257	10.9994088309644	2.07213167033363	0.00719790353922149	0.0153652751561358
One_8	0.0830528482905711	0.0519012822423598	2.39240427116219	2.04895836248517	0.136157297010755	0.148399510119179
One_80	0.0702219103860782	0.0390703443378668	4.31808401814979	2.29720682172811	0.0385617264780116	0.0474385595533955
One_81	0.215608465608466	0.184456899560254	10.5337746027201	2.07562314252186	0.00781713937263908	0.0154768758571566
One_82	0.381384681727065	0.350233115678854	58.9185662322476	2.74069473338242	2.46659523392796e-05	0.00026649952853526
One_83	0.078763524014702	0.0476119579664906	5.26452134384828	2.29749643843864	0.0252586060495635	0.0342057962033598
One_84	0.480546429907584	0.449394863859373	175.35408286548	2.60156836904047	2.26921831027076e-06	6.63412647179157e-05
One_85	0.116627890802877	0.0854763247546656	14.6224446909228	2.76870993089073	0.00105411965559349	0.00454258450238459
One_86	0.231159433874407	0.200007867826196	10.7399055713043	2.06672171715928	0.00762845684142022	0.0154768758571566
One_87	0.154861707096714	0.123710141048502	5.47989159403821	2.04517001488469	0.0301966834957332	0.0392873081083231
One_88	0.167618230097369	0.136466664049158	5.52080376118619	2.03760732215036	0.0300097789167659	0.0391466144924742
One_89	0.249335916749155	0.218184350700944	8.58387201572061	2.03554862041089	0.0126051372697983	0.0201207112878361
One_9	0.00327139413127736	-0.027880171916934	-11.6357889482072	2.0348187814836	0.00685966798558679	0.0150187444442142
One_90	0.0886841936236516	0.0575326275754402	3.39147152101142	2.08067548998211	0.0728925056515503	0.083860128029677
One_91	0.0629753503658644	0.0318237843176531	8.73238593225636	3.91994341113518	0.00103754507958317	0.00452333249607751
One_92	0.209556225336308	0.178404659288097	5.87770278651044	2.02486407438744	0.0269582833144125	0.0360168462560834
One_93	0.14281354181327	0.111661975765059	12.9334016458289	2.32843373038042	0.00320927821380019	0.00955293253506964
One_94	0.241896928334708	0.210745362286497	10.5114919960894	2.0574395887345	0.00809655477436766	0.0154768758571566
One_95	0.197120469861789	0.165968903813577	7.05953899512801	2.04161428763066	0.0184348004095248	0.0263278615044076
One_96	0.254116784598712	0.222965218550501	7.73318897258159	2.02757407426986	0.0156896996242584	0.0234011777201144
One_97	0.0438912359897314	0.01273966994152	1.87622200277854	2.55238267592421	0.173195985183587	0.185914480855815
One_98	0.0218244628234206	-0.00932710322479079	-1.56799705402297	2.73957575131856	0.2233066117138	0.235100217538568
One_99	0.0225897096511833	-0.00856185639702806	-1.972874648498	3.45872521188919	0.130782479082483	0.143065549292963
Two_1	0.290335101925919	0.259183535877707	7.65943340470096	2.01998143292463	0.0161609504565411	0.0236931928522151
Two_10	0.130846710335429	0.099695144287218	27.4408443759366	3.92567873691922	1.23877548451392e-05	0.000178482559298404
Two_100	0.0704342962292111	0.0392827301809998	5.3244302167051	2.46080881152918	0.0210222474491529	0.0290223805061917
Two_101	0.138574780890641	0.107423214842429	9.79979955178655	2.19839688709214	0.00744105114920857	0.0154768758571566
Two_102	0.122876783554863	0.0917252175066512	5.36112187543728	2.07928395214448	0.0303899952354712	0.0394355812846714
Two_103	0.193092886633718	0.161941320585507	14.3330710503222	2.18626088159465	0.00333672895373949	0.00981274727815697
Two_104	0.219715075071394	0.188563509023182	11.6557504026078	2.08887800924975	0.00620385814980392	0.0144080257030493
Two_105	0.00350907821277549	-0.0276424878354359	-10.9793671474102	2.44896119238311	0.00383567380043334	0.0110192478544241
Two_106	0.0944053743302433	0.0632538082820319	17.2003213602197	3.90223195498383	7.97791703582983e-05	0.000650004060132365
Two_107	0.145948062432553	0.114796496384342	9.3750297164022	2.15758469821336	0.00872285705313224	0.0160565183533582
Two_108	0.0387095990859597	0.00755803303774831	1.77645120242752	3.51572630990184	0.160101082772903	0.172279081525958
Two_109	0.0806110291777115	0.0494594631295002	2.35634698515323	2.05234162689288	0.139360925801357	0.151558818650491
Two_11	0.247512761919789	0.216361195871578	6.69120504023109	2.02189285420324	0.0210168419356435	0.0290223805061917
Two_110	0.151688028322856	0.120536462274645	39.7553744111905	3.78508831712036	4.198374685317e-06	8.1495794068745e-05
Two_111	0.162543159599475	0.131391593551263	7.39209083738016	2.07335729796445	0.0161158901753495	0.0236931928522151
Two_112	0.123583044801164	0.0924314787529525	25.632618829523	3.9388575249622	1.57115609938453e-05	0.000185920138427169
Two_113	0.0389674721904217	0.00781590614221036	1.28311549993366	2.7017105415386	0.298449382929399	0.308377013130793
Two_114	0.0832930377194377	0.0521414716712263	15.6573325716189	3.99720550502071	9.76343879568972e-05	0.00075819204397778
Two_115	0.253817487329186	0.222665921280974	5.64300055261412	2.01467547597973	0.0295070805146396	0.0387963466025817
Two_116	0.229298735210118	0.198147169161907	22.8808803460195	2.32630461289291	0.00086172871213292	0.00389344699936419
Two_117	0.0412440448245847	0.0100924787763733	3.89761363939846	2.69031076658592	0.0363815250555051	0.0452040448814651
Two_118	0.127521637985347	0.0963700719371358	11.3901660612078	2.34294341960688	0.00419443354113475	0.0113650070513221
Two_119	0.0664110124788062	0.0352594464305949	3.23228059428631	2.20042556528815	0.0738517215209683	0.084767449413213
Two_12	0.0961688147666177	0.0650172487184063	4.85550913095599	2.13099360126035	0.0351181590449001	0.0441866456843426
Two_120	0.391048129543209	0.359896563494997	16.7640555728042	2.05000648711222	0.00317644974298496	0.00955293253506964
Two_121	0.131080120240192	0.0999285541919805	9.9309329896794	2.2374016855647	0.00679442022420874	0.0150168880885035
Two_122	0.225336231895854	0.194184665847642	23.5674082410697	2.36298930387234	0.000736602081606045	0.00352010802459812
Two_123	0.295678891247365	0.264527325199153	12.3034481060152	2.04985634821491	0.00596226046162134	0.0141781983226115
Two_124	0.16395138694313	0.132799820894919	3.69466572069725	2.01769942666525	0.0651963491255271	0.0758842752116791
Two_125	0.134213597992244	0.103062031944033	4.70948754724282	2.04810323753346	0.0403466191047771	0.0493898268351582
Two_126	0.164676288605002	0.133524722556791	14.9746548565726	2.3065977291887	0.00238908304350222	0.00780186278877469
Two_127	0.219512260576161	0.18836069452795	9.7863866787961	2.0623989884038	0.00928366560258239	0.0165955218605691
Two_128	0.117435422019492	0.086283855971281	10.0219610367067	2.33040363937437	0.00574670415152678	0.0139322534795552
Two_129	0.100537733615583	0.0693861675673712	26.91224877755	2.65323849334181	0.000260924455923187	0.00164151208346613
Two_13	0.254958380795861	0.223806814747649	9.89056639277443	2.04495626069244	0.00934958978060229	0.0165955218605691
Two_130	0.2640268120032	0.232875245954989	10.1942088475145	2.04410270685536	0.00880965909826692	0.0161564596746814
Two_131	0.0422625970829787	0.0111110310347674	3.26827464320023	3.99908847556389	0.0308495507194565	0.0398215064746069
Two_132	0.160924608149722	0.129773042101511	10.6289241120615	2.15853576228102	0.00667179989905394	0.0149820630857628
Two_133	0.164135976381967	0.132984410333755	47.4410347450549	3.32969408819181	7.87683662923772e-06	0.000139813850168969
Two_134	0.0710067394968721	0.0398551734486608	8.12399611220321	3.13048048719844	0.00332908332050878	0.00981274727815697
Two_135	0.0459087211698082	0.0147571551215968	4.18222943108004	3.97081716526983	0.0141076002701115	0.0216403621427327
Two_136	0.171301098525778	0.140149532477567	31.5169049569311	3.38965399894252	2.64357515824675e-05	0.000279544011414604
Two_137	0.00789914500204925	-0.0232524210461621	-7.46239013489614	3.88451420445353	0.00193314497877648	0.00681399329398517
Two_138	0.108265099072423	0.0771135330242116	3.06091401910451	2.03619199585872	0.0901857115969641	0.102314585792073
Two_139	0.423293623022437	0.392142056974226	45.9196775384144	2.33619791015622	0.000165835994678238	0.00119449984572586
Two_14	0.0980185805447781	0.0668670144965668	27.9688056109712	2.01699309874595	0.0012191691271519	0.0050493921349541
Two_140	0.123211758581702	0.0920601925334905	7.15400370351272	2.14219658836714	0.0157263447857509	0.0234011777201144
Two_141	0.135329772043608	0.104178205995397	10.7905981434835	2.25903738102404	0.00545872572773407	0.0136330989280595
Two_142	0.124466451354145	0.0933148853059333	11.3793362511555	2.36672192433799	0.00403819038555507	0.0113650070513221
Two_143	0.130688832632972	0.0995372665847602	7.29579124114254	2.12604438200977	0.0154243188156455	0.0231597777987184
Two_144	0.203625038417046	0.172473472368835	11.8871886414786	2.11106488496313	0.00572341571247051	0.0139322534795552
Two_145	0.0669904731496191	0.0358389071014078	0.663755772803732	2.00782436366735	0.574891389696365	0.583104123834884
Two_146	0.00522630220300886	-0.0259252638452025	-10.8361334067026	2.0227467985701	0.00808279089181104	0.0154768758571566
Two_147	0.265922308900056	0.234770742851844	6.26988330258808	2.01630366414667	0.0240240873360687	0.0326228726940604
Two_148	0.0800970157427319	0.0489454496945205	7.5045508965289	2.60347757027764	0.00785920006061182	0.0154768758571566
Two_149	0.0834650141218074	0.052313448073596	7.66722943622645	2.5465551553173	0.00799961097185482	0.0154768758571566
Two_15	0.179380869727471	0.14822930367926	17.6266298871391	2.34744908183607	0.00150758237155149	0.00580828247024102
Two_150	0.116315518821453	0.0851639527732418	6.95080621728957	2.15738581342683	0.016375141434876	0.023866408484262
Two_151	0.213728860611701	0.182577294563489	10.0950728527538	2.07081210977832	0.008595882498725	0.0159709632557266
Two_152	0.203443750330232	0.172292184282021	5.89214661051995	2.02680352425851	0.0267700299330716	0.035861738212228
Two_153	0.496102395981982	0.464950829933771	179.02647642837	2.7157705762388	1.30779448242944e-06	4.64267041262453e-05
Two_154	0.00499810281107123	-0.0261534632371401	-9.99625303255292	2.77872004535338	0.00293078203825003	0.00910308429430813
Two_155	0.0795154575555759	0.0483638915073645	4.61258049483057	2.21773795245574	0.0359718354533116	0.0449196035685826
Two_156	0.408978358827109	0.377826792778898	15.7686108159693	2.04004789266635	0.00367447778480261	0.0106796225675257
Two_157	0.121879572840171	0.0907280067919594	13.5058809836446	2.56552868741776	0.00188091903421618	0.00667726257146744
Two_158	0.187569450267632	0.15641788421942	5.76177598953882	2.0311297401496	0.0278208631267106	0.0369705052780085
Two_159	0.133476344982727	0.102324778934516	8.34749418982867	2.15723263833026	0.0111540266190118	0.0184785040988296
Two_16	0.0881673893455477	0.0570158232973363	19.5297674117295	3.59514856738144	8.8495091790756e-05	0.000709388074516222
Two_160	0.256310953725596	0.225159387677385	19.1614248586949	2.17165225917926	0.00183489006810038	0.00665649900617438
Two_161	0.353323031410462	0.322171465362251	8.50525647134906	2.01592996606406	0.0132223050300901	0.0206650490564616
Two_162	0.164110231383808	0.132958665335597	53.5559936561957	2.32927686322611	0.000118418854823652	0.000905448782266998
Two_163	0.0625681524364976	0.0314165863882862	7.75732066299874	3.65755979947176	0.00212886424594758	0.0072468871933969
Two_164	0.169256395125832	0.138104829077621	24.2351824001333	2.81334308482886	0.000236662174846802	0.00154764606445869
Two_165	0.0100165562986698	-0.0211350097495416	-6.52941165778657	3.97033017305907	0.00291656515512564	0.00910308429430813
Two_166	0.065663002368744	0.0345114363205326	2.2743878082386	2.10131864249189	0.144658496849974	0.15697657845947
Two_167	0.0571043749047519	0.0259528088565406	7.71340410906037	3.99987836597279	0.00152075547952509	0.00581396517941516
Two_168	0.0233040339901511	-0.00784753205806021	-2.18038907827635	3.94204834919085	0.0957050670192355	0.108103223428546
Two_169	0.0755783609319033	0.044426794883692	5.54629837533163	2.38570661700468	0.0206192665126667	0.0287858861145936
Two_17	0.159156330175953	0.128004764127741	11.1445464964184	2.17998580835693	0.00581327954503756	0.0139574876033027
Two_170	0.00489138838332486	-0.0262601776648865	-10.9871253760173	2.0146919897037	0.00797411263195551	0.0154768758571566
Two_171	0.397964460572795	0.366812894524583	13.6244720137442	2.0316549359279	0.00502219806879273	0.0129328105709326
Two_172	0.228575168980626	0.197423602932415	6.45300738060163	2.02447111356832	0.022487013112196	0.030788004178406
Two_173	0.0090605928405914	-0.02209097320762	-8.32166464256733	2.90148337149819	0.00411555257535792	0.0113650070513221
Two_174	0.00410276330945914	-0.0270488027387522	-11.3245093927669	2.00942772033336	0.00757897736532725	0.0154768758571566
Two_175	0.114838182420546	0.0836866163723346	10.0183601082819	2.35246562732522	0.00555571726318093	0.0137372710437857
Two_176	0.0789349053767812	0.0477833393285698	1.64794487847667	2.02726196197065	0.239467360884608	0.250032097394223
Two_177	0.492214581978639	0.461063015930427	158.012139652547	3.59209537744067	4.94121794434807e-08	4.91157063668198e-06
Two_178	0.124667821286029	0.093516255237818	1.78100919143497	2.00827463068414	0.216345747850195	0.228288400597764
Two_179	0.0111207633175098	-0.0200308027307016	-7.82789117036574	2.58852424086562	0.00720343885589466	0.0153652751561358
Two_18	0.0539417077094539	0.0227901416612426	2.65516752028114	2.33255943669019	0.0999862766474955	0.11217422007631
Two_180	0.490395399291507	0.459243833243296	175.087632558153	2.80017539725969	9.657130505401e-07	3.69199527783408e-05
Two_181	0.0223929270643417	-0.00875863898386967	-2.34807033266401	3.871907603516	0.0808396061779052	0.0925743877198592
Two_182	0.102506300055484	0.0713547340072724	28.2149377176442	2.48736371738198	0.000350290111389216	0.00203016934807786
Two_183	0.212580615410322	0.181429049362111	8.0943950619557	2.04582908638575	0.0139593440803218	0.0215141158542157
Two_184	0.235367232849796	0.204215666801584	10.9199003300336	2.06615476495982	0.00738141716132531	0.0154768758571566
Two_185	0.12024082985022	0.0890892638020089	35.7093544506165	2.37108306558818	0.000270291876895278	0.00167918828521192
Two_186	0.0031669901320646	-0.0279845759161468	-11.6994881372587	2.02095088698599	0.0069570958226354	0.0151652483502184
Two_187	0.00937063153181381	-0.0217809345163975	-8.51710257853503	2.58319755993064	0.00586940826153657	0.0140244995479984
Two_188	0.165019238684914	0.133867672636703	8.12874853944516	2.08570426845326	0.0130660377299161	0.0206153039738676
Two_189	0.104753236881852	0.0736016708336407	8.69691895122453	2.34275732961887	0.00780464330138606	0.0154768758571566
Two_19	0.167622756631284	0.136471190583072	39.2778198613685	3.98701260855554	2.59596726611277e-06	6.69115890579511e-05
Two_190	0.165723691744127	0.134572125695916	56.2813532318179	2.01796562952478	0.000296985824239641	0.00182224635366792
Two_191	0.155433706056021	0.12428214000781	23.4526479453433	2.95506643651547	0.000187960881849529	0.0012796788805372
Two_192	0.165852754781657	0.134701188733446	11.3634190415561	2.16855985519945	0.00568675605641485	0.013922747586395
Two_193	0.135431303488841	0.10427973744063	3.66270325971553	2.02828375072739	0.0657119030992204	0.0763056444867115
Two_194	0.316395584783817	0.285244018735606	53.5850422471601	2.94562970470889	1.69235422719676e-05	0.000195604663003905
Two_195	0.0856677604588658	0.0545161944106545	2.45715782860618	2.04678442261404	0.130450435326514	0.143065549292963
Two_196	0.271380447953503	0.240228881905292	9.25277865785052	2.03405962735182	0.0108763487451978	0.0181394138468567
Two_197	0.367740993176057	0.336589427127846	71.2942169451398	3.22735043400795	2.8487936303215e-06	6.69115890579511e-05
Two_198	0.168949959058115	0.137798393009904	11.1681186179044	2.15511713290831	0.00604013007646912	0.0142949745143102
Two_199	0.495087097571294	0.463935531523083	172.80274707315	2.99506416076981	4.36378282699328e-07	1.94105139762687e-05
Two_2	0.15016687367497	0.119015307626758	20.0597780552811	2.7438299321007	0.000466438005413988	0.00249268482463174
Two_20	0.14539982841757	0.114248262369358	15.3451492002444	2.45179360740977	0.0016959043037926	0.00629003312675316
Two_200	0.152641799804887	0.121490233756676	8.70176693612771	2.12019989954433	0.0107970680485428	0.0180678209431844
Two_201	0.0528556129101495	0.0217040468619382	2.40458479934163	2.29874637859537	0.121615321512914	0.134616514013181
Two_202	0.48314687786579	0.451995311817578	129.21679219647	3.98067568913627	2.31432257898269e-08	4.1080949572356e-06
Two_203	0.489663778218386	0.458512212170175	129.158015406863	3.96290155922118	2.47973538666133e-08	4.1080949572356e-06
Two_204	0.192703263298165	0.161551697249954	5.39171765832031	2.02551940179449	0.0318296523211828	0.0407714876382161
Two_205	0.0953478087600163	0.064196242711805	7.44641654181632	2.32945344624156	0.0113102961274714	0.0186612080596377
Two_206	0.0520934381298398	0.0209418720816284	1.95179180498378	2.20748070486229	0.178116994232048	0.190784797701138
Two_207	0.0134343121141102	-0.0177172539341011	-7.14725336751048	2.31655810617512	0.0126077820369315	0.0201207112878361
Two_208	0.180414228480743	0.149262662432531	9.27621038582159	2.08986025649628	0.0099117927725618	0.0171151449809543
Two_209	0.160340434416556	0.129188868368345	4.45106177825454	2.02720796446629	0.0457970014624049	0.0553798290190152
Two_21	0.161653405129418	0.130501839081206	2.91029465905494	2.01135437148358	0.0999104099688596	0.11217422007631
Two_210	0.477130140628783	0.445978574580572	60.7963053881036	2.46659291331223	5.57321875899949e-05	0.000470216671444242
Two_211	0.15784956713176	0.126698001083549	16.8146900764663	2.44020197542523	0.00139008627689005	0.00553817085184594
Two_212	0.36380853644351	0.332656970395299	10.6518511218305	2.02347895018445	0.00835386298993966	0.0157865775893537
Two_213	0.139608558973483	0.108456992925272	4.065072188611	2.03223847768218	0.0540474089806085	0.0636529911454086
Two_214	0.037609811645375	0.00645824559716365	0.53127516630619	2.15998030448529	0.644836625451581	0.65138984318991
Two_215	0.208361294184871	0.17720972813666	5.56863458207828	2.0226074237369	0.0300045578004712	0.0391466144924742
Two_216	0.0110309584742023	-0.0201206075740091	-7.96889718508207	2.47351033926271	0.00800340268682422	0.0154768758571566
Two_217	0.214071502955785	0.182919936907574	5.06023340595255	2.01749852172144	0.0362485565874279	0.0451517108369716
Two_218	0.438774114825208	0.407622548776997	26.8616791746705	2.10130596881046	0.00106024105085838	0.00454258450238459
Two_219	0.447595471510621	0.416443905462409	25.2835371911935	2.08567742608061	0.00125267398217148	0.00514528073668783
Two_22	0.0751171486927164	0.043965582644505	6.13604263939138	2.49110839153809	0.0146279066123868	0.022300826952013
Two_220	0.0124588424430002	-0.0186927236052112	-6.19198370282813	3.76638896877734	0.0042094505405371	0.0113650070513221
Two_221	0.17961698680875	0.148465420760539	23.7935368793554	2.66535047281915	0.000351296909325344	0.00203016934807786
Two_222	0.210324021006343	0.179172454958131	9.89608593366389	2.07065624211479	0.00895427710215322	0.0163013762628943
Two_223	0.0067228137511679	-0.0244287522970435	-9.95150730863504	2.2341580688045	0.00679856085369141	0.0150168880885035
Two_224	0.478060854246428	0.446909288198217	107.694081812024	3.5877258625451	1.98954660569978e-07	9.88804663032789e-06
Two_225	0.00411247596047775	-0.0270390900877336	-11.3267921511889	2.00493411493557	0.00763692190559796	0.0154768758571566
Two_226	0.121350918365217	0.0901993523170056	19.7364353073519	3.31392983089464	0.000149372208821837	0.00110802966842467
Two_227	0.0920985062533152	0.0609469402051038	3.80175074626358	2.09054442324238	0.0585050124777686	0.068416449885767
Two_228	0.221915234234635	0.190763668186423	9.51536123950379	2.05744583236334	0.00990608885475703	0.0171151449809543
Two_229	0.224949344376579	0.193797778328368	13.6681599568295	2.11644521972569	0.00423043522031103	0.0113650070513221
Two_23	0.0572387347722048	0.0260871687239934	1.24061494342538	2.05215162124859	0.337813671034889	0.346887178727974
Two_230	0.0854950295731273	0.054343463524916	11.8452718758558	3.30349835155088	0.000807701495935843	0.00375166021944032
Two_231	0.052745554405814	0.0215939883576026	8.58633227710646	2.43959597851736	0.00701138648441063	0.0152168518897471
Two_232	0.222705846133595	0.191554280085384	19.670323725537	2.25435910635691	0.00143754457097437	0.00562566654940362
Two_233	0.262299378390251	0.23114781234204	9.2931863798953	2.03713822461286	0.0107296050917528	0.0180678209431844
Two_234	0.066832050492207	0.0356804844439957	5.66522534014682	2.65179791889297	0.0150760536341387	0.0227744640005074
Two_235	0.200216950062673	0.169065384014462	45.6164217270623	3.88597273005211	1.88938783533189e-06	5.86891096349968e-05
Two_236	0.0282004271078902	-0.00295113894032113	-1.11269361188819	2.89395331071674	0.349646074041419	0.358297110924918
Two_237	0.0623958228781019	0.0312442568298905	9.05591711486405	3.99237213173329	0.000831319480327424	0.00379051175892412
Two_238	0.160332002962605	0.129180436914393	5.17854861391717	2.03692079780032	0.0339902096278109	0.0429850742621425
Two_239	0.164620952142188	0.133469386093977	9.98891404260771	2.13157334886343	0.00795340221326271	0.0154768758571566
Two_24	0.0435317018371032	0.0123801357888918	1.14160060926217	2.2029058166009	0.362479052091318	0.370683310471986
Two_240	0.21037829767752	0.179226731629309	10.4434931609953	2.07879292127793	0.00791372290315425	0.0154768758571566
Two_241	0.106579965303327	0.0754283992551154	31.5700510156989	2.01184640342831	0.000969166870403323	0.00430067798741474
Two_242	0.178579660821482	0.147428094773271	22.9126923715145	2.62175627958796	0.000429357794070734	0.00237100915170172
Two_243	0.0963664965483609	0.0652149305001496	6.06451965789054	2.20651466981222	0.0205543523037258	0.0287760932252161
Two_244	0.232707626591932	0.201556060543721	8.53414700385409	2.04123172319688	0.0126437148257812	0.0201207112878361
Two_245	0.200537112624565	0.169385546576354	10.0446143459944	2.08165974905688	0.00853048747533897	0.0159385423881333
Two_246	0.090603547550051	0.0594519815018397	7.45215611776638	2.38908312300482	0.0104585335632853	0.0178009971950438
Two_247	0.127375684534308	0.0962241184860968	4.80128821379056	2.05748453074266	0.0385280105620684	0.0474385595533955
Two_248	0.0288971341781975	-0.00225443187001386	-0.494894670927018	3.32279148749303	0.65157190434831	0.656858491807526
Two_249	0.152906487096639	0.121754921048428	5.05440764550626	2.03961873141591	0.0355184944000166	0.0445775043353743
Two_25	0.124369429964688	0.0932178639164767	1.33883579549389	2.00470176386821	0.312248211370061	0.321965479358756
Two_26	0.0312313056871186	7.97396389072211e-05	0.0261312469178467	3.81137169453905	0.980463124934479	0.982439865105717
Two_27	0.0472687121376049	0.0161171460893935	1.51763368387661	2.21199062901168	0.256774287591653	0.267540505100737
Two_28	0.00656876874460423	-0.0245827973036071	-9.71262697913982	2.49430284079242	0.00481150211644819	0.012454773707681
Two_29	0.240846196714455	0.209694630666244	11.9053392446364	2.07472978985676	0.00609222538236343	0.0143329283839657
Two_3	0.0598643098051408	0.0287127437569295	4.76794805101627	2.71970843700396	0.0218165853753449	0.0300355759876632
Two_30	0.291227193160735	0.260075627112524	7.48638497559578	2.01895322631294	0.0169284552776781	0.0244576810261803
Two_31	0.0435867173276484	0.012435151279437	1.47055904196986	2.34335530495013	0.261540331927672	0.271936286544044
Two_32	0.149248173634797	0.118096607586586	8.36292179501559	2.11741866235024	0.0117720635657742	0.0191199855953914
Two_33	0.155068845489443	0.123917279441232	7.30791685113878	2.08074662960631	0.0163294250817401	0.023866408484262
Two_34	0.197440039276812	0.1662884732286	58.6859759695846	3.40558488548859	3.06976541546516e-06	6.69115890579511e-05
Two_35	0.144427769832243	0.113276203784032	19.8703535054502	2.81263588672516	0.000413316177769603	0.00233429704944878
Two_36	0.18267501436294	0.151523448314728	11.8418475052405	2.14387227543796	0.00544006511382181	0.0136330989280595
Two_37	0.108579010841206	0.0774274447929942	20.9651730617836	3.89346978884861	3.77567287686549e-05	0.000341183530873118
Two_38	0.00697664735583386	-0.0241749186923775	-7.83361616222597	3.85310690639114	0.0016707523806794	0.00624333784359145
Two_39	0.049789737314384	0.0186381712661726	3.31607654971554	2.83854972738075	0.0489805339707679	0.0588003028586272
Two_4	0.00406949485748907	-0.0270820711907223	-11.2159605743782	2.09741323100161	0.00661696769567638	0.0149820630857628
Two_40	0.00102004243544751	-0.0301315236127639	-12.6194616131983	2.00668889917994	0.00614268359312815	0.0143329283839657
Two_41	0.0176684013731826	-0.0134831646750287	-2.57447923981371	2.98015584118961	0.0827240315567344	0.0945145831809127
Two_42	0.228412598834911	0.1972610327867	3.83253253429717	2.00861223817932	0.0614144886476507	0.0716502367555925
Two_43	0.491459727171757	0.460308161123546	119.041722567075	3.78440537048245	6.64938994667102e-08	5.50791133915916e-06
Two_44	0.0388500458498868	0.00769847980167543	1.2328993682126	2.66429870757137	0.315240056149292	0.324377449081155
Two_45	0.28339395750554	0.252242391457329	57.4626024823705	3.42615217376796	3.09651216968385e-06	6.69115890579511e-05
Two_46	0.0136943722755511	-0.0174571937726603	-6.37740257770566	3.1507779168334	0.0067223341410968	0.0149820630857628
Two_47	0.0311884185179417	3.6852469730328e-05	0.00837746201129136	3.42013645567325	0.993781079670659	0.993781079670659
Two_48	0.117497655154222	0.0863460891060107	8.88222859848647	2.25529984681951	0.00845355187676065	0.0159144518285986
Two_49	0.24187391672155	0.210722350673339	11.1831114159193	2.06514813226798	0.00704372857022534	0.0152205786930521
Two_5	0.158809338202567	0.127657772154356	15.7349800012332	2.3752638638705	0.00185804989305317	0.00666454063165844
Two_50	0.204573615499179	0.173422049450968	6.03959837777925	2.02780287826379	0.0254838710955364	0.0343238047004922
Two_51	0.380586164268329	0.349434598220118	9.03786197104315	2.01528779530247	0.0117378767342605	0.0191199855953914
Two_52	0.497044601589673	0.465893035541461	191.567293985946	2.15651818861045	1.33105530227922e-05	0.000178640124867502
Two_53	0.346436754541604	0.315285188493392	19.8324194343937	2.09210878379597	0.00204479730585177	0.00705739070144674
Two_54	0.239515789081006	0.208364223032795	6.89746679646327	2.02510312829799	0.0197212390847572	0.0276877283195602
Two_55	0.222632909531033	0.191481343482822	10.4755345631915	2.06929880505081	0.00799119982848911	0.0154768758571566
Two_56	0.252944914440976	0.221793348392764	10.325780330917	2.04995359639289	0.00850090294573571	0.0159385423881333
Two_57	0.162937854627011	0.131786288578799	28.0517123629976	3.24019523796179	5.58204901714492e-05	0.000470216671444242
Two_58	0.0791213957805242	0.0479698297323128	2.44236556719145	2.05988774485835	0.13097550287384	0.143065549292963
Two_59	0.0445907711305208	0.0134392050823095	4.20994953357979	3.94594046326855	0.013982010907267	0.0215141158542157
Two_6	0.11303258388831	0.0818810178400989	4.31152902484645	2.06411912913136	0.0470750904145705	0.0566496850751611
Two_60	0.262210201322307	0.231058635274096	7.5323323911906	2.02434042569664	0.0166014726637346	0.0240912403098423
Two_61	0.0766396451995108	0.0454880791512994	10.93698965374	3.58126693882184	0.000704093990882129	0.003397424402606
Two_62	0.233662650458304	0.202511084410093	8.5276563075646	2.04077715211809	0.0126715948351966	0.0201207112878361
Two_63	0.0624700638194231	0.0313184977712118	2.89909451963791	2.20454665022418	0.0903744530437026	0.102314585792073
Two_64	0.0533646583594622	0.0222130923112508	7.6983617529856	3.52465678535303	0.0025214135861598	0.00808479066013819
Two_65	0.0416234030085307	0.0104718369603193	3.34258659623966	3.90039476974298	0.0298873591205201	0.0391466144924742
Two_66	0.0868867269415134	0.055735160893302	7.46944892003534	2.4496257260879	0.00963211094809193	0.0168561941591609
Two_67	0.221431371132197	0.190279805083986	7.78317361395328	2.03845371363431	0.0152544368050123	0.0229741063396701
Two_68	0.206782691627792	0.175631125579581	13.8140459238362	2.14578845442184	0.0039082193173891	0.0111120360865359
Two_69	0.124814162261967	0.0936625962137555	9.22325623045567	2.23286689392557	0.0080475579422783	0.0154768758571566
Two_7	0.39835014194875	0.367198575900539	30.7372415564769	2.16586273774982	0.000669949270447114	0.00326436066090407
Two_70	0.233513787832015	0.202362221783804	10.4743134564362	2.06192362526454	0.00809334440744847	0.0154768758571566
Two_71	0.166363668232275	0.135212102184063	24.8414216923543	2.90027887262578	0.000180216990922604	0.0012697455340547
Two_72	0.229401541113202	0.198249975064991	6.6897483999217	2.02609116244679	0.0209135314191142	0.0290223805061917
Two_73	0.488331743573098	0.457180177524886	170.433832919103	2.98796476870338	4.68664321358601e-07	1.94105139762687e-05
Two_74	0.346340921992066	0.315189355943854	124.566852933252	2.49182000870896	8.58435915343642e-06	0.000147118155146824
Two_75	0.237912254867234	0.206760688819023	11.4885240063183	2.07152335517874	0.00659174393984487	0.0149820630857628
Two_76	0.469853758902368	0.438702192854156	37.9884993736261	2.17796682820097	0.000408958365090982	0.00233429704944878
Two_77	0.265778544393765	0.234626978345554	27.433593141163	2.33512260614142	0.0005530223054824	0.00280461312066074
Two_78	0.0211562003707813	-0.00999536567743008	-2.04878680252738	3.14411998183743	0.128729461644879	0.141859295870299
Two_79	0.168915556215628	0.137763990167417	5.8874840131698	2.04201197817963	0.0263446210866837	0.0353872342704913
Two_8	0.158457393688522	0.12730582764031	28.9430171651294	3.42046036715788	3.27609233830609e-05	0.00031583009176931
Two_80	0.493349504388934	0.462197938340723	186.317075529865	2.32276772610728	6.68641726786892e-06	0.000123079606745587
Two_81	0.0444735216489528	0.0133219556007414	4.05016402310238	3.98915454009551	0.0155580144548502	0.0232901601929534
Two_82	0.404382726817119	0.373231160768908	43.9540821032457	2.34030615854968	0.000181392219150671	0.0012697455340547
Two_83	0.323203165228127	0.292051599179915	96.105309084936	3.79460940014994	1.44170488789706e-07	7.96141476983155e-06
Two_84	0.497547908075932	0.466396342027721	191.629642994229	2.16276385506768	1.29283141544116e-05	0.000178482559298404
Two_85	0.0605310349213483	0.0293794688731369	1.71481838633864	2.07906372772243	0.223747289528657	0.235100217538568
Two_86	0.160745641745369	0.129594075697157	13.6026351638223	2.26641304563948	0.00320993910132119	0.00955293253506964
Two_87	0.330797612128004	0.299646046079792	29.5035912236914	2.23280856137501	0.000612082521873154	0.00304205013370957
Two_88	0.194493711277159	0.163342145228948	5.19284841255725	2.02314198372325	0.0342991453363765	0.0432656731781196
Two_89	0.17569906680687	0.144547500758659	59.2691990600519	2.17974978471488	0.000154402032983056	0.00112849721165557
Two_9	0.212724200672522	0.18157263462431	9.43496914786958	2.06241590950871	0.00999820504420558	0.0171941450068172
Two_90	0.193186948592251	0.162035382544039	33.5665584592634	3.17047934062572	3.73794490730625e-05	0.000341183530873118
Two_91	0.176524498801641	0.145372932753429	4.1706494438222	2.01882629363948	0.0521146939140154	0.0616690544649182
Two_92	0.00828029022056446	-0.0228712758276469	-7.0032411400404	3.98197008455358	0.00222544394959414	0.00747328137127222
Two_93	0.013357821809394	-0.0177937442388174	-7.27284522005405	2.20624128236987	0.0139741111368805	0.0215141158542157
Two_94	0.0596857275541213	0.02853416150591	6.98271900181681	3.63199077663693	0.00314321209259512	0.00952546591475473
Two_95	0.00453127353263403	-0.0266202925155773	-11.1351566949749	2.01659500468695	0.00773849701170426	0.0154768758571566
Two_96	0.0142045767098287	-0.0169469893383827	-5.17165105751418	3.98561400628773	0.00670983288035566	0.0149820630857628
Two_97	0.113859707277383	0.0827081412291719	7.85487740962975	2.2158214679122	0.0116935896962268	0.0191174805231076
Two_98	0.0444872258955743	0.0133356598473629	2.01293468869874	2.58305411824449	0.152200824458428	0.164443064686606
Two_99	0.186429929491215	0.155278363443003	15.6672965554209	2.24510043133361	0.00243953115532527	0.00787303236491336
